0.000000000000000000e+00
0.000000000000000000e+00
0.000000000000000000e+00
0.000000000000000000e+00
0.000000000000000000e+00
0.000000000000000000e+00
0.000000000000000000e+00
0.000000000000000000e+00
0.000000000000000000e+00
0.000000000000000000e+00
0.000000000000000000e+00
0.000000000000000000e+00
0.000000000000000000e+00
0.000000000000000000e+00
0.000000000000000000e+00
0.000000000000000000e+00
1.329005750955133180e+00
1.287245775013550997e+01
-8.661206301921794193e+00
5.416683806291331393e+00
4.197698737214579978e+00
-2.421477481481718996e+01
-4.776406745808856158e+00
2.932848832130844130e+00
7.311214537041337280e-01
8.001361188161638438e+00
1.762057219993835133e+00
-1.320215009903071746e+01
3.112122417630985183e+00
-9.459008334191054246e+00
1.776765075980765118e+01
4.753203851190903606e-01
-1.077291752917849976e+01
-4.425546917083693188e+00
3.406795684192076124e+00
-9.306268517434546084e+00
1.536840175598763381e+01
7.055781447998839440e+00
-6.994409284175077346e+00
-8.955507759772274312e+00
-2.274790662789393991e+01
-6.561923262622713082e-01
1.392638827531158086e+00
7.049201322825098259e-01
1.475988188430312675e+01
-4.063819126853530861e+00
-1.596713959795263804e+01
6.444934978132010883e-01
-2.141520344077804339e+00
-3.255218092459742252e+00
-1.772022794196168149e+01
2.414599915755346160e+00
-1.520405927352575759e+01
3.376220221108155783e+00
-5.142764323211423516e+00
9.102663610001513916e+00
-5.160699318536160263e+00
-3.976705410238793093e+00
-4.658647152651482770e+00
5.932668684838546369e+00
1.060676924611831851e+01
4.713343111847237310e+00
2.015048749096735037e-01
3.042733824736203019e+00
6.985378413268392706e-01
9.173651629824476572e+00
-4.722698329318831156e+00
-6.127035324671425087e+00
5.451945681217878814e+00
6.042690777281777059e+00
-2.209477480710219766e+00
6.938528459374850854e-01
9.811157525908839716e+00
3.187304177437098929e+00
2.265344653081413639e+00
-7.167060123546207251e-01
-9.355212922611258364e+00
-6.019197723076302964e+00
4.243538396323771167e+00
1.136198443703692362e+01
2.464125172636727257e+00
-1.403450110174212284e+01
3.985548866368262111e+00
-9.793905038498138538e-01
5.253457701077905995e-01
5.541914180241292343e+00
1.469661258987272845e+01
5.082100492689335169e+00
3.828536784737778476e+00
1.690096888080230997e+01
1.716591928226327468e+01
1.005272899944782239e+01
2.556904807942260049e+00
-7.601104274079801826e+00
-7.722101725541364203e+00
-2.319822142087937777e+01
-2.480636360255374484e+00
-1.809243266637163572e+01
-1.272550377553582734e+01
9.804486287914926379e-01
1.301245838881868622e+00
-1.255185270173308254e+01
4.150420969175755204e+00
1.638189982592379579e+00
1.086194341360318560e+01
-4.997377382250647315e-01
-1.822637492363810452e+00
-2.881753018073624162e+00
-1.287361366024649101e+01
-3.779535699601936471e+00
-5.428429341618056014e+00
-7.869352061730666037e+00
-1.406973892048776520e+01
7.141048394631184237e+00
-1.073180669399229714e+01
-9.002391423058099917e+00
-8.617627990103386537e+00
-8.347570148608937757e+00
-5.154360663896312644e+00
-1.388505651156489762e+01
-1.501829833297335881e+00
-1.122942884013427545e+01
-1.089950403335720353e+00
-1.057170407224714381e+01
3.703256148880797127e+00
3.959027894021062366e+00
-1.113299318546796712e+01
1.968246391559546282e+00
6.168399724790276650e+00
-6.288021190564563767e+00
5.776590540632312809e+00
-3.177309839405523917e+00
-1.189077932249529113e+01
-1.066149002059385964e+01
-2.717873071608210012e+00
-1.978639371596386809e-01
-1.217261237965703913e+01
1.708022322697664208e+01
1.759965156571587386e+01
-5.317718065673147976e+00
2.666538049537621191e+00
-7.570637954752612586e-01
8.233774165774761400e+00
1.554770759245698741e+00
-7.184603396982652157e+00
-1.072191790262162669e+01
2.435396021113092502e+00
1.123331130893316754e+01
-1.130171956222382335e+01
1.379820377661641828e+01
1.060279318210177735e-04
-1.196479632013151218e+00
2.037646010404671415e+00
4.458030446152775994e+00
-1.663710823259251015e+01
1.028185578744100326e+00
7.629733448197427492e+00
-7.505942577700636775e+00
4.974966843874042866e+00
4.934074200463541615e+00
1.807481516752159223e+01
5.077165614690017037e+00
1.611073217470826080e+01
-1.507693810849843885e-01
-1.254730162706522378e+00
9.356223269630163486e+00
-8.838012394681271644e+00
-6.113398584989852225e+00
8.501007354129797022e-01
1.052920419328643220e+00
5.732109434948142734e-01
1.296142636573307527e-01
2.301113934109253023e+00
1.208733407426481676e+01
7.546097370006833671e+00
5.887733743614518289e+00
-4.442759286202090152e+00
1.474759910035442090e+01
-1.835513279506940876e+01
3.889815729716588066e-01
-8.239610021898471359e-01
1.828636497803273642e+00
-7.557849164371816642e+00
1.811178511938543068e+01
2.515046065875679915e+00
3.527415352076559429e-01
-3.114345429787817920e+00
-1.914835535612854756e+01
1.009772848148256230e+01
-4.798618177172073729e-01
-5.679793308668365626e+00
1.592205790244696573e+01
-4.005338478886883991e+00
-8.300498381533600423e+00
5.480499312360393560e+00
7.100111810694329506e-01
-4.229336320680786798e+00
1.364780883485042295e+01
2.978858216451584440e+00
2.338049788352741132e+01
7.913335914311147690e+00
7.188154500387355483e+00
-5.218572245708571700e+00
2.048620585828757612e-01
4.382151024066416767e+00
-3.243414251559670447e+00
-3.235584017081379216e+00
-1.065637532755090433e+01
1.188838969638284482e+01
1.831712723216882921e+01
-1.348606741091768413e+01
3.763765338187170073e+00
-7.841492994224665836e-01
1.091314775999006770e+01
-1.069831973938499914e+01
-1.168127173275681230e+01
-3.226838314959138643e+00
-4.955710920982312473e+00
2.294363138401394053e+01
3.287565220365678442e+00
-1.389649753449901937e+00
-5.127224482966425967e-01
-1.217176616209835061e+01
-5.834961822464663328e+00
-8.826578881991252956e+00
4.203510832626463412e+00
1.043353616832320085e+01
-1.541892845133514811e+01
1.279824447477992067e+01
1.586592742254313748e+01
1.741855010681206295e+00
2.011641022637945753e+00
-2.388114136144707800e+00
-9.882663373868751933e-01
3.149424475472812901e-01
-5.518712127585047256e+00
-2.623524740102908481e+00
1.055545971117544468e+01
-1.890339213557672338e+01
8.978258006595922325e+00
1.013327338423522406e+00
3.518709077709246458e+00
-6.881021172683347231e+00
-9.497875853753271258e+00
1.019188847804699094e+01
8.020206043950850017e+00
1.205954816167792387e+01
1.140409039843879668e+01
7.935978329730630776e+00
1.638734893985218832e+01
1.874088864401525711e+01
-2.540471621988160678e+00
-7.913851760034816607e+00
4.797502032759098256e+00
-7.953646967053686012e+00
-1.451714726062887451e+01
-8.305172187400160055e+00
8.088901135515868646e+00
1.489447793871313763e+01
5.193052954713266445e+00
-4.220547244630125761e+00
1.899621495567708962e+01
3.208313938626417894e+00
3.403184934609441825e+00
-1.214009639012107300e+01
2.565164500390807234e+00
-1.997046974976939282e+00
-8.001253383582593415e+00
3.962249432091809354e+00
1.565041466112469948e+01
7.629820556949709953e+00
-4.078725956849609702e+00
-7.416385329797009263e+00
-2.940636225445595642e+01
-7.599824376684523486e+00
1.872373725045875403e+00
4.427079330754224884e+00
1.212566716094720221e+01
-2.593402162009368794e+00
1.774204230228724555e+01
-9.548519051900427712e+00
1.179352705588001982e+00
-1.258371229274871439e+00
-9.420833729409451962e+00
3.224896274925441730e+00
3.748197010014052921e+00
-1.142379311078801152e+01
1.308474855058818775e-01
-3.656771365432916809e+00
3.718855708887772948e+00
7.586142062598241864e+00
6.733818792680438037e+00
2.003145454797910929e+01
-2.183222631051393137e+00
1.139202051551231420e+01
4.960509876147170871e+00
-1.427893673206975222e+01
-1.831224738417336084e+01
-9.650551546621358057e+00
-1.521544965959820672e+01
6.822239956784017068e+00
-3.981441193671599876e+00
8.968087211439367934e+00
9.395216233939436279e-01
-1.365593242667526397e+01
1.927440284356057987e+01
-2.504452298994266357e+00
-6.696615043700887782e+00
7.685376378193495839e-01
1.051743791553863616e+01
8.899609150016857484e+00
-9.452993183208974415e+00
-1.280495318355838208e+01
-8.839117875261877089e+00
-5.459648841913917749e+00
5.223852960009466528e+00
1.947115722934455562e+00
1.249767367981623067e+01
8.948398911445565318e+00
1.983225823388266917e+01
6.730169356701850347e+00
5.351283241014414216e+00
1.353617824323234231e+01
3.828470085150570412e-02
1.440761023325057977e+01
-9.951826440114928118e+00
1.540851234517103308e+01
1.506092310852579885e+00
-7.286137400112437490e+00
-6.047494027785660364e-02
8.207215316202223221e-01
1.544875776391734234e+00
-1.413139296102465892e+01
-6.379468557090376635e+00
4.422625232320001487e+00
7.056966337050397442e+00
9.993765638304495269e+00
7.847420930299051633e+00
-1.683745946464199505e+00
-9.513372649374304046e+00
7.117665650580931924e+00
-4.200972386546112602e+00
-6.529869020634436083e+00
5.163384274898760395e+00
-1.237680578432718903e+01
-1.308264469623247805e+01
-6.942578449195522694e+00
-4.952759181574293734e+00
4.597163065879726673e+00
4.019941076049661888e+00
1.067185150871596022e+01
2.230174796429963635e+00
-7.675889691508785972e+00
3.440190159666627778e+00
4.714970669310901030e+00
-8.649223600625845165e+00
1.859525010359561747e-01
-8.505598140929464535e-01
1.708341353803200491e+01
-6.382726281161069437e+00
-2.700868519840668114e+00
-1.834255234597867457e+01
1.491784031330389837e+01
1.296369489068129610e+01
1.437936778720899156e+01
9.672755617889350788e+00
-1.759072503311074342e+00
-5.945838963187981108e+00
-6.251178585610631444e+00
-8.378211863850708596e-01
4.343330607492049467e+00
9.865282418259965880e+00
9.874896306052647788e+00
-2.262771576392452744e+00
6.994420664744524174e+00
1.672883802536557596e+01
1.309351763923976364e+01
-1.235106769904064095e+01
-5.061531371860411355e+00
-7.047692048839167001e+00
8.291730075356070984e+00
6.010199461082464722e+00
-3.561121020252954850e+00
-7.025785009288398442e+00
-4.850132259930092005e+00
6.083806850166411095e+00
-1.973031783950412432e+01
6.800987090187277317e+00
-6.494220936812268974e+00
-1.305926581219125637e-01
-3.366109898898798747e+00
-1.359773896402026594e+01
-7.134765957229092237e-01
-9.448460240316094882e+00
-8.763886045880013853e-01
-1.060961135892213747e+00
9.676123976804603899e+00
5.710434680455790613e+00
7.003575810233243715e+00
4.229558521150408978e+00
-3.811947669513955361e+00
1.259017451382376862e+01
4.250361052386722349e+00
-2.197923640006109736e+00
2.884423354830687458e+00
-1.998564772825375258e-01
6.413949838147715354e+00
-5.855061796628007187e+00
-1.002712796959363573e+01
-3.756526792492479672e+00
3.130106977330025586e+01
-2.257916397416806831e+01
-6.595816979700600768e+00
1.272737461274653015e+01
9.983816849798586190e+00
-3.737108370588401840e+00
7.719137901997100926e+00
5.942383617166200338e+00
9.476870064000394223e+00
1.487885050744404225e+01
4.193792949070854092e+00
-8.851378182901868286e+00
1.409543433203955942e+01
2.961214900034292441e-02
6.722743413560891668e+00
-1.365288711980156222e+00
-2.762330372146664104e-01
-9.387905220454797472e+00
-1.914561194495141194e+01
-3.532128197326562713e+01
-1.546826638633640982e+01
4.917151275084904682e+00
-6.916781713871387183e-01
1.723814484982544570e+01
-1.082146943567812514e+01
-1.480048566868023840e+01
-1.311733160882427285e+01
1.532277288844511531e+00
8.214634648544176798e+00
6.809591024103283985e+00
-1.472663429817430369e+01
1.250095825301325192e+01
6.593217996454072249e+00
-1.408689353279463319e+01
-1.139922400536271141e+01
-3.090203355464865353e+00
6.596658394057499208e+00
7.299836103673470689e+00
1.344101508534255629e+01
-1.705622121617591347e+01
-9.901566856716073062e-01
2.701150305298646970e+01
-2.551331614067649411e+00
9.379384912500569271e+00
8.200390463241490124e+00
3.520253731629424010e+00
1.326223746017944904e-01
-1.227876042008546165e+00
4.863544864830117831e+00
2.833319214846028444e+00
6.067421652453077741e+00
-2.428867867749929133e+00
-2.063582555792746120e+01
-1.120239799869044361e+01
-8.044884916448339141e+00
5.281532639909158888e+00
4.487508408921200953e+00
-1.979754507961526144e+01
-3.788277260808314395e+00
-8.377519422030275109e-01
-3.853403539866704364e+00
6.096929403753392762e-03
-9.260822053527746789e+00
-1.140226348755156494e+01
-2.590280338508840430e+01
-7.603466536278773447e+00
1.541936599278994890e+01
-1.680859955827796171e+01
7.952944096210217140e-01
-1.974444920660987179e+01
-1.729534220991752136e+01
-2.531656400502600945e+01
-9.602970886525326932e+00
-1.404981794821750896e+01
-1.796039147001155811e+01
-1.042137932037783798e+01
-1.899436370825299036e+00
-8.532923364334777716e+00
4.390372667330410650e+00
-2.368671546717848742e-02
-5.110864236424163209e+00
-1.335760047612183143e+00
1.079754754777380299e+01
3.224733913520239525e+00
1.836292272230338085e+01
9.323296645710470898e+00
6.620488150862968268e+00
1.968385920121704658e+00
-6.423954086152349419e+00
1.603824439996382978e+01
8.612988530117760888e+00
-2.860030982894073759e+00
-2.101999332970783030e+01
8.356504405939588764e+00
-4.350628710475987759e+00
1.077345413926128970e+01
-4.173997679385038850e+00
5.165075396737890401e+00
-1.360257226566092470e+01
-9.423942426051041821e-01
-7.227256371238212296e+00
-9.611159088590667920e+00
8.262054793076259784e+00
1.395402225196174584e+01
6.982497349171339351e+00
3.787830084565499078e+00
-2.493118954915388485e+00
1.743307067713220704e+01
1.765364613540813821e+01
7.667498568380892721e-01
5.429370662286714833e+00
-5.230001167867698086e+00
-8.175507646601175793e+00
4.929097545660425794e+00
7.656401973581239417e+00
-3.143779037520636166e+01
5.609740578455742366e+00
5.844074567986680790e+00
3.734096473920473613e+00
1.209305623494671522e+00
-2.106776252184175746e+00
8.983757321608123902e+00
6.905609391202972347e+00
-2.594658781288623572e+01
1.375878829743356846e+01
-3.744895993690363412e+00
-6.640836399930250877e+00
-1.909060117787460342e+01
-3.269044719550294076e+00
-1.999207098252497872e-01
5.843515166273363093e-01
-3.108647268130283692e+00
1.291520920406594541e+01
-7.170925674161679808e+00
1.384983766614770673e+01
-3.049204785413238028e+00
-5.861174011609321610e+00
6.488098654134375920e+00
-9.428005615073871581e+00
1.922972295735924320e+01
-1.227171143740899595e+01
3.514175452354251661e+00
6.242064556575570577e+00
5.634291339447671021e+00
-2.940564698554055667e-01
2.644476814696034239e+00
-8.423164904581199153e+00
-2.109759974039175745e+01
5.633924157556549517e+00
2.481720935281708762e+01
2.182133582682642725e+01
1.241707833587568643e+01
-4.679696243197383865e+00
-1.248836664727679135e+01
8.304216839019318286e-01
6.935742517343257418e+00
-1.416452921625378281e+00
-1.498267156379995413e-02
-1.585564783876580464e+01
1.023806257227188610e+01
3.996700028823042317e+00
9.367017317037422686e+00
1.049031576286714085e+01
8.126663543787188360e+00
-2.937011287464912357e+00
3.671930752855274704e+00
-1.588696784914930049e+00
1.579357639851707518e+00
-1.157678113473468784e+01
5.906459053638229761e+00
1.623314826811279943e+01
5.578642219872335772e+00
-1.353102402570570462e+01
1.522321767204653042e+01
-1.988576253682327888e+01
-8.306172164364099331e+00
-1.606175377019567918e+01
-2.895593163881471810e+00
2.410857523832277138e+01
7.821141717503522273e+00
1.804468069840652333e+00
-2.062426024267233515e+01
2.573562605427454741e+00
7.223352820821659748e+00
1.113271102639582466e+01
-6.414486181559695410e+00
8.363517427673343718e-01
5.936854669851967969e+00
1.196043014839399632e+01
-3.583339078362541841e-01
1.216668927528922950e+01
9.754948099238475834e+00
-3.264696951482903842e+00
9.663294451345336711e-01
2.914373564092443303e+00
-1.863747978446951947e+00
-3.292870021243743395e-01
1.035999263453639685e+01
2.117846151442222435e+00
-6.963178320073836858e+00
6.028220056452482822e+00
3.357902128331915037e+00
6.655450840167276283e+00
-3.318938910073171655e+00
-9.186822232605237559e+00
1.503134151614329994e+01
-1.733152728445810453e+01
1.043064896684816745e+01
-1.013679676307833688e+01
-7.513584467096535491e+00
7.067524070044015616e+00
2.563923818631094775e+01
-3.005769488264775191e+00
-2.324033381146051624e+00
-2.390042117960948076e+01
1.952551310800743067e+00
-2.051261859416206335e+01
-7.515347233102957603e+00
-5.246565561638320219e+00
-8.497301615984582668e+00
-3.980870942965538006e+00
-2.681180712726884963e+00
1.160347639099295236e+01
-1.211391240747801135e+00
-1.053521179895088267e+01
7.477722913143750816e+00
-7.184255969237085537e+00
-7.072944247037625587e+00
1.298220391796675699e+00
-5.403996827491695853e+00
-1.491014823245623688e+01
-5.304779167463436806e+00
-9.383974294691029172e+00
9.969781755377340460e+00
-7.619169723505649472e+00
5.784813446221392041e+00
-1.559407162051613227e+00
-1.474701580401394096e+01
4.552422847670399619e+00
1.146462922430418985e+01
-1.671880684263965122e+01
-5.433766066761364755e+00
7.052330467846658735e+00
1.036364547681941417e+01
1.114423892565349661e+01
-1.360974373910806889e+00
-7.605300518015042144e+00
7.333566398759799654e+00
1.145452206547906826e+01
-1.243552322249458086e+01
1.438158014381180294e+01
-3.187349642583015452e+00
3.382561247266252735e+00
-7.764890184483874691e-01
-1.342873133538972752e+00
3.161613377703034189e+00
5.413604789419935059e+00
7.803531814730888527e-01
-4.425753273928435760e+00
-8.772714634421561186e-01
2.662808856604490870e+01
3.603429167230359553e+00
3.192324103081432440e+00
1.547509698924079657e+01
1.220929402091240945e+01
4.615546328018723443e+00
-7.540286177669344170e+00
1.466441088569007434e+01
5.434566811015173471e+00
1.176482471710696132e+01
-9.800727631114483529e+00
-8.007859845266779075e+00
-1.797448759411565788e+00
-1.297166890170501574e+00
-3.197675532954093569e+00
8.717717292227888493e+00
-2.262869876448121431e+00
1.448381710015348744e+01
7.681144133764234994e-01
-1.190501585995079381e+01
-4.399064209961011329e+00
7.650385857041953841e+00
-1.507986882838949327e+01
2.397398912293539297e+00
2.894308539052303786e-02
2.924572082949993046e+00
-9.420522824464995892e+00
1.152836946559375519e+00
9.425098459409952056e+00
-6.072498475061678391e+00
-1.188336881063099781e+01
-1.770164479438903982e+00
3.861442094755574317e+00
1.100184638525348646e+00
1.133857370106159124e+01
4.136689513111633687e+00
-2.714095489020508012e+00
-4.345542191436408075e+00
-2.782715086135766569e+00
-1.264052800984066494e+01
-6.937441837696326274e+00
3.831757275804903884e+00
5.580126671736380217e+00
-2.088553656754633892e+01
9.137941426701246428e+00
-1.272788177194598802e+00
-3.495069277647218087e-01
2.324936419656820874e+01
-5.072614635217178147e+00
2.001926046565824890e+01
-4.094233490112173968e+00
-8.857161957699304367e-01
-1.715971630203313225e+00
-3.532205726385711841e+00
-1.034127206286987644e+01
-1.361565620759058959e+01
2.605766154793872147e+01
-2.845483588074841919e+00
-1.527411275856138673e+00
-2.736565457200867968e+00
-1.104223145772547809e+01
2.203156855923151625e+01
-7.904765516296976102e+00
2.846089674837799066e+00
2.679812338392167703e+00
7.983557043700642453e+00
1.708310425479993455e+00
4.135684635503338313e+00
-2.492139148546539218e+01
2.140717910833217275e+00
1.723661977022474900e+01
-1.512255385775134187e+01
-1.841480370949284406e-01
1.432066855315639486e+00
1.427484850011856565e+01
-5.386687504056908438e-02
6.461456371743366844e+00
-7.499313419491073773e+00
-1.172094913316669818e+01
5.518409259869002881e+00
-1.896439346055012720e+01
-7.079116758110387764e+00
-1.543663422996672807e+01
-3.898146307818350920e+00
1.760378496339149024e+01
-2.654907820020802944e+01
8.432915380985122056e+00
9.134064613991057513e-01
-2.694163255109188526e+00
-3.948398857054499445e+00
-4.773247865439969928e+00
-1.829074430049273303e+01
9.949802049211058375e-01
9.347980147136823348e+00
1.140997750592735827e+01
1.284219203233092799e+00
-5.201798653288335572e+00
5.001299267221369860e+00
-1.279284575171914184e+00
1.319869970138454107e+01
1.627920401490298730e+01
2.316147487049303777e+01
3.613637915113912413e+00
8.457287855200519289e+00
-9.725026531628884641e+00
-8.436497287285106950e+00
-1.772948311112209296e+01
6.517332025057541500e+00
7.039075671391401556e-01
-4.397500629725058729e+00
-1.788652868443190869e+01
1.502352246354206500e+00
-2.608532485578848537e+00
1.206806558075518865e+01
-6.985888322883596402e+00
-8.588068934068488147e+00
3.435870846020904423e+00
7.233705972380704452e+00
4.993744647469654296e+00
1.339811027120759945e+01
2.366029885285541923e+00
1.140596394239273081e+01
1.333557261353800527e+01
-1.309136829169108296e+01
-1.076753327885936073e+01
4.767696197810806780e+00
1.812009722828763358e+01
2.010980275119432292e+01
-6.739122187047115631e+00
-1.160251499364267147e+01
-9.635781088852468201e+00
2.389073404657708011e+00
-5.959331944378789103e+00
1.308108989997523963e+01
-3.637022509276292226e+00
7.244309523373573256e+00
-7.454603045248688886e-01
-2.298475856873008638e+01
5.983768553221821662e+00
1.856015460011460050e+01
-1.083568675859118002e+01
-1.853192442254548666e+01
1.171067493716502383e+01
-5.761907348565912912e+00
7.049001585241057910e+00
6.725057033280563701e+00
-1.045531619493002040e+01
-5.576946440084526557e+00
-2.655343685393049213e+00
6.885907833661164545e+00
5.220717994597947609e+00
-2.203091527751382728e+00
-1.629295241601482758e-01
1.259086727540328354e+01
-3.702091487781288492e+00
4.858153820360826103e+00
1.712511191921282716e+01
3.997665646149926033e+00
-1.260804294544811910e+00
8.000707996664388588e+00
8.421937791071371748e+00
8.329787864748283255e+00
1.947848068615996908e+00
9.200400262294067488e+00
-1.505022687421481464e+01
1.240038351437792130e+01
-4.668116208727724370e+00
7.257760155144495684e+00
-9.431157690603185983e+00
4.266264582903716018e+00
-9.424094610511986048e-01
-2.542754887451167178e+00
1.928425234300902957e+01
4.930390813356666513e-02
9.517257295001996908e+00
-1.474007175326852348e+01
-1.690737586902594103e+01
6.296719454980404862e+00
6.070860204679661365e+00
-2.509191585565787364e+00
8.020974825719406454e+00
4.019284285333185380e+00
1.012952416135874500e+00
1.091292264981498761e+01
-1.220505063085360575e+01
-1.422059561833097519e+01
-1.147133395439101378e+01
7.940781869416170480e+00
5.592300193806437392e+00
-4.128463644262012622e+00
-1.621783577923699227e+01
1.707081133745546708e+01
1.621804775352396177e+01
-5.079114145321199203e+00
-4.256737188727498733e+00
-8.239751719000366847e+00
-8.475616669883891063e+00
1.794213035461461914e+01
-8.798121056174153409e+00
-7.495717039688315708e+00
1.162932520805100012e-01
2.625660990580647081e+01
4.433467380185476259e+00
-2.975834308204923673e+00
-1.763056103555936716e+01
1.996488040780167239e+01
-1.584737510155775908e+00
1.219818393948506241e+01
-1.340707231873153660e+00
-4.949775811199543796e+00
-1.399166976935674711e+01
-3.714578451934045233e+00
-1.320501769038799011e+00
4.964482387481780279e+00
-5.174629166249474110e+00
1.207482103454799471e+01
7.459944053984628454e+00
-8.930106029172264925e+00
-2.012007541541973410e+01
9.279427734444141151e-01
-1.342433819092349268e+01
-2.572464258393836189e-01
-2.595055752712525532e+00
8.709880460484455966e+00
5.303876433904207488e+00
-6.393353449336984795e-01
6.002579004291504816e+00
2.038732398866756057e+00
1.892342895650978107e+01
6.021650221834363492e+00
-8.730009340332088641e+00
-2.217977937484647555e-01
-3.547968694413953017e+00
3.910671239299290392e-01
-1.859266875283549325e+01
-4.997989974711884997e+00
1.852483479425198709e+01
-1.558628682838528334e+01
-9.802219731503839739e+00
-6.223088285597924596e+00
1.683490689940768448e+00
3.497084526308285035e+00
3.153274475686771439e+00
-6.666043821468434771e+00
5.484036463253374905e+00
-8.923339237805663515e+00
-1.338955093470391944e+01
2.394715564404350516e-01
7.770374580444467938e-01
2.547850766884124596e+00
1.086641207228470307e+01
1.688256228486778809e+00
5.386912635345254330e+00
1.868308731768901509e+01
1.199623474007159984e+01
8.626200789596708773e+00
1.294168121551308559e+00
-8.652504915268849572e+00
1.286380013851362492e+01
1.481268352962786139e+00
-4.208632565126890768e-02
1.333037292655831152e+01
-1.970325689199327712e+01
-2.998935048630045230e+00
1.187415576039886389e+01
-1.058096261496672241e+00
-7.871816780198145125e+00
3.886527932856353118e+00
-4.909820823504333021e+00
-1.304775209511012690e+01
-6.415030353598893953e+00
4.502923661909008501e+00
-8.887924510985968141e+00
-4.175696702500999891e+00
2.048169638520732860e+00
-1.242123006619607395e+00
2.629583441147076428e-01
1.270021716552606961e+01
1.879357176797662987e+01
-1.811556323957591985e+01
-4.151909527307680037e+00
-2.804564069628369793e+00
-3.685495057390966167e-01
-9.534529629005362494e+00
5.049329520700268858e+00
-1.686498266931366175e+00
-2.393009537817420096e+00
1.124646893484295163e+01
-1.070850253263131435e-01
1.517735215396332649e+01
6.354072916358006751e-01
-1.231975644345689602e+01
3.054111314047347037e+00
-1.905762840277888870e+01
4.320474510511076005e+00
1.530285738471377499e-01
6.550875569675469023e+00
1.929060579962704480e+01
8.750654226400399693e+00
1.359096033932706860e+01
1.846897202931324955e+01
2.191001890883089231e+01
9.701953083578388259e+00
-1.004833003774771782e+01
-1.295064490917110334e+01
-2.141240170773102136e+00
-1.890739013604047614e+00
-4.609766687092943016e+00
-6.375138757477088802e+00
3.134190146422966450e+00
-7.751115232868585281e+00
-8.157553178879936695e+00
4.927292757947128621e+00
1.226967434399574586e+01
-6.870436790786413894e+00
-3.638403364705169452e+00
1.177493415979029123e+01
-3.773476493059916947e+00
-1.081153768908347956e+01
1.986197806662470100e+01
-7.206868990158312727e+00
-4.048365407769509261e+00
1.268466626150602394e+01
-2.264820512199250402e+00
2.153762444001472431e-02
-8.161861460253973632e+00
9.180005458157722842e-01
-1.686904982032133660e+01
3.009115244756785046e+00
4.045220681556301656e+00
-2.931962766841024859e+00
3.716944349697982375e+00
-1.279676506978987049e+01
2.766266083556033095e+00
1.143884487160008234e+00
-1.762219807776560287e+00
-9.271125298983662333e-01
-4.575376941267151665e+00
-2.738730742392121442e+00
-3.011480733719338332e-01
1.136120576280319483e+01
8.286779297825205504e+00
1.444083819531918778e+01
1.245232835371950841e+00
1.012958690781510995e+01
-5.113680516405111121e+00
-2.440283455719196581e+00
1.595734042872769010e+01
-1.327423392173756156e+00
1.830998289658928968e+01
9.018948949840165596e+00
-5.546604343371200230e+00
-9.182400764354468947e+00
-1.426624272598166954e+01
2.427731830558258252e+00
1.179498131748331957e+00
-6.320267081379796537e+00
4.425293917487067574e-01
4.624157027349639293e+00
-1.973499912510500565e+01
1.838293533160306481e+01
9.165838589343266563e+00
4.516594640662205506e+00
1.904199244946164526e+01
-1.897339845850609663e+00
7.787512354191107988e+00
8.880529340965324536e+00
7.008159984848276736e+00
1.450924379710951939e+01
3.243201869562994943e+00
-6.164488309865049587e+00
-1.454623088408041554e+01
-2.755627671119583511e+00
-9.650338757523513777e+00
-5.095125624927405283e+00
-9.459063479033972044e+00
-2.300080008118811747e+00
-2.714642113166542003e+01
1.337170954402955658e+01
-6.355128012696937390e+00
-3.947154016624253359e+00
-2.883848013657086540e-01
2.214997305906916836e+01
-5.910264044671549755e+00
9.115507543192961748e+00
9.011218114262362633e-01
-1.635659522748113659e+00
-2.707808108704369943e+00
5.547941807622521537e+00
-3.164482878273048527e+00
1.679708782987316340e+01
-3.408761381144259417e+00
9.504974368574977461e+00
-7.987763352780632431e+00
-1.958299163256896236e+00
-7.100859608148283542e+00
1.050415335326009370e+01
-9.441997895658602147e+00
3.243614801162863159e+00
1.268097643227008575e-01
-2.747510945503805146e+00
-8.949427490087202841e-01
1.512737685757987549e+01
-1.532327796987186730e+01
5.224789648504668094e+00
-7.200846541894776465e-01
2.254518580719874876e+00
3.972970666325522870e+00
-1.334752782129096715e+01
-7.384666447145264101e+00
9.209930989426453607e+00
-1.606417347625189507e+01
-1.015936732472084714e+01
-7.924303725385215103e+00
-1.041472650973651071e+01
3.616651848032034877e+00
-7.236120582750885433e+00
-1.178732667813876844e+01
-2.041175738760618685e+01
-4.253410761979210974e+00
8.382793656287560680e+00
-1.099331480573958686e+01
-1.296669703928576212e+01
-7.329748027394558108e+00
-2.268624181734395506e+00
-1.119451400208521363e+01
-4.831520169507967921e+00
7.573783122278967994e+00
-2.586964397879967237e+00
-1.000694257878009807e+00
-3.370336991525326198e+01
2.194960064130270894e+01
-2.467278232289426398e+01
-6.009719485120058380e+00
-8.609639417418577523e-01
-1.038238053642281500e+01
5.707831051390002131e+00
8.556707576381072045e+00
-8.955889733392126573e+00
-7.330281534500798557e+00
1.103128161646432659e+01
-6.834570549693950170e+00
-7.671495998240985159e+00
-4.022961711641556803e+00
2.870356122528832543e+00
4.208072759761918746e+00
-1.444585249317398734e+00
1.132737998536840962e+01
2.799135971262074918e+00
1.301886954303255095e+01
-1.341383262498079887e+01
2.737592928293706507e+01
2.059256437039306320e+01
1.052433777199755127e+01
-3.164194314606163516e-01
-1.458054931107247398e+01
-2.521803305729719114e+00
-3.075167345824510789e+00
2.300626646906550832e+00
-6.899306331916449153e+00
-4.319925477671645808e+00
6.702227193755291523e+00
2.786050770328618853e+01
2.531719877097003746e+00
-6.072865973779357773e-01
3.943083740522467906e+00
6.646399781469369827e-01
4.267116978760185475e+00
-1.082368878873711537e+01
1.854959748355864235e+01
-1.930660845271091830e+00
2.199619150877111906e+00
1.161641008326674296e+01
-7.064173955336514155e+00
-9.592713581842019721e+00
-5.530865680303548970e+00
-3.036128840097603643e+00
2.620815913419050958e+00
1.767948728302343397e+00
3.579565585550909645e+00
-1.182518702176852798e+01
-1.816989828752738845e+01
-1.082941387056307292e+01
9.871949279243708020e+00
1.214952469003462454e+01
2.278467247366131687e+01
-2.453834092453206495e+00
-5.281846370073736807e+00
-1.812529480901676493e+01
2.373879802964864894e+00
4.949848120909990712e+00
5.245665257318165686e+00
1.908903016305893630e+01
-2.221812428130476746e+00
1.027481381866971333e+01
-5.685033818050357013e+00
6.723116715317019043e+00
2.467770867873753105e-01
-1.347413318310680097e+01
-3.143393736607436040e-01
9.742265574394991745e+00
2.908201172961753400e+00
1.703972554778258086e+01
3.240078565442786385e+00
8.243189196575798405e+00
-1.556831319179659090e+01
-6.866264422174140236e+00
4.672409519756655527e+00
9.785273045691212701e+00
3.041809127997908035e+00
7.069457697878277713e+00
-8.858591609203728012e+00
-7.167949237887540903e+00
3.193385894118875967e+00
-5.545566115095709847e+00
1.214865564643196194e+01
-3.534991739527953314e+00
5.559952846516694080e+00
-8.995162210964963379e+00
-3.177830319171766860e+01
-1.044052505174400380e+01
7.862852027929520204e+00
3.547397206467323372e+00
-1.943315334914436221e+01
5.482126536921043680e-01
4.114798856956127793e+00
5.875432599809585099e+00
5.702116383816075995e-01
1.905889513016347792e+00
6.508964976489778564e+00
-1.016697319042037861e+00
-4.946098503966396720e+00
3.684277561819726543e-01
-1.368989307418114265e+01
-2.561083306404542270e+01
-5.830844468689463156e+00
-2.100295742896182105e+01
7.379466141904003962e+00
6.572732504572911694e+00
6.168049668903563543e-02
-3.931114940101750221e+00
-2.756701281657157665e+00
3.951124789606822674e+00
6.479728949934155935e+00
2.155464923737238792e+01
6.449638582974898782e+00
5.134547837480141652e+00
-4.150389249551523108e+00
2.408158995235552879e+01
5.781709226250484335e-01
6.133250235960758801e-01
-4.562526776743453638e+00
-1.673253009379607192e-01
5.220710483496304732e-01
-6.216175160346892881e+00
-4.214825540356969213e+00
-3.690323122895549091e+00
-5.579662523310034317e+00
-1.517964436945371176e+01
5.756209813941126185e+00
-1.155061714062014744e+00
2.908904123630733807e+00
1.011840197221459903e+00
-1.229586583590923965e+01
-5.493284699864247500e+00
3.061926476224982707e+00
-8.731820864843342633e+00
4.195127823915569820e+00
1.411932764335529100e+01
-1.338076776329515383e+00
2.131293001122472219e+00
-1.152599020678310637e+01
-1.181801805723462451e+01
9.017332226640917270e-01
-4.530911846506015195e+00
4.796678135412122401e+00
5.453552531671562065e+00
-1.477733694232642847e+01
-1.504171472380272689e+01
-1.173930788810963577e+00
2.579549803421693355e+01
-5.379818006229584171e-01
-2.904204600251091506e+00
1.617781864866559260e+01
1.052723722321263722e+01
1.066144099105025589e+01
4.404152505983915944e-02
1.286858081933590370e+01
9.519398180502037121e+00
2.172745648071526148e+00
3.082230666539146569e+00
-1.558019603954423360e+01
-1.322642956970440764e+00
-6.863098820188270111e+00
-1.396758261550267832e+01
-1.661027501533551742e+01
-6.766999808834853525e+00
3.490384383145169522e+00
1.602515376402450897e+01
-1.204021355503915913e+01
2.462301093583629097e+01
-1.065888500455648114e+01
5.397164894090167309e-01
5.847211207524352972e+00
1.107167496959634434e+01
-2.982312446056283761e+00
1.353084522172285631e+01
-1.422247801240507670e+01
1.846052311397983203e+01
-4.272926405632688329e+00
2.060000294363048567e+01
-8.177061819601362913e+00
-1.451742817637048688e+01
-1.559067972847230976e+01
-4.822173488837194100e+00
2.050435362472379097e+01
-4.420516133365069322e+00
7.134897055408416122e+00
-4.284827337671984537e+00
5.100816309088330058e+00
8.664979537824422096e-01
-4.560777413084821319e+00
-4.787726389104037139e+00
2.851602083422801570e+01
-1.808430990156608686e+00
1.471686671853933603e+01
-1.801329113677604710e+01
-7.493032391726757169e+00
-2.207008955303621178e+00
1.349754562054877738e+01
3.058626997335537112e+00
4.196939971696977523e+00
1.655112949931205435e+01
-4.264947038853335926e+00
-1.596280882867998230e+01
1.023181873998564129e+01
-4.955875451662080877e+00
7.939881483118185201e+00
1.459090821578557495e+01
-7.495038023985330256e+00
4.992593183130651369e+00
3.767302481680616211e+00
-3.788298710396333036e+00
-1.879994698294950695e+00
-5.211605269279971253e+00
-1.108401259974556297e+00
7.215904580739206153e+00
-4.498582219598546317e+00
3.501887407566499633e+00
-4.198107683783007360e+00
-1.179103443693287545e+01
8.323344592226661121e+00
4.844323883852553081e+00
-7.316862655505047996e+00
7.562853455612241760e-01
-5.413747828287938546e+00
5.685392646993989274e+00
-1.022153078136383897e+00
-1.580596343213302646e+01
1.856025977116449610e+01
2.103313070921080907e+01
4.011168326328061084e+00
-6.272648706121771056e+00
-4.225975215249718531e+00
-3.782699240989103373e+00
2.099589621780694415e+00
-4.993421488020800325e+00
1.848594424062095243e+01
-1.279015045478413981e+01
-1.890579009599520077e+00
-1.070929725289937551e+01
-2.935533739187383162e+01
-2.114068276783281419e+01
-1.150808541514606986e+00
1.516584667573172851e+01
1.263072014928454223e+01
3.317749753405706770e+00
-9.460500110082051606e+00
-8.521157946068441902e+00
-3.310665770586055601e+00
4.751505840138165127e+00
1.052521480104839213e+01
-5.488499644095099939e+00
-9.216936323902658046e+00
-9.436009981357784682e-01
-1.371347902685715781e+01
3.023599253173500756e+01
-1.026655194561396911e+01
-6.260864112391800518e+00
-1.870438792335414746e+01
-8.515183508074642305e+00
1.380010959827092165e+01
1.316752572323864001e+01
-1.123913834501864528e+01
1.961816643278254446e+00
-3.646607390487034195e+00
5.702665986952567323e+00
9.897671118888212050e+00
5.857332112658056644e+00
-5.642584663220361563e+00
3.680460577824604229e+00
9.163807931763244596e+00
8.643162743865161701e+00
-9.908068698057292067e+00
-4.206663284339498432e+00
2.154826774157444902e+01
2.025755619544348463e+01
-7.814348378396886119e+00
6.013027809301064508e+00
-1.759877164578668385e+01
8.671140213657224649e+00
1.180575124104174733e+01
6.113115108034250511e+00
-6.537619935758755219e+00
9.417643161364011917e+00
-1.780198257130771822e+01
-6.813943764443024520e+00
1.124542272358588946e+01
-1.852927957032221684e+00
1.644404486045672797e+00
-2.620221479111123131e+00
6.760689516319786208e+00
1.411064939714542277e+01
-1.314188317142222218e+01
-7.489555231279155123e+00
4.149749440783153887e+00
1.359962385926721140e+01
-1.075715010666702653e+01
-2.326374248897008101e+01
-6.612182157902026347e+00
3.472719744909795736e+00
-7.241436754326230130e+00
1.314451610480887211e+01
1.401199139413574812e+01
-9.461895878272073901e+00
9.727060529428001701e+00
-1.528212079014271296e+01
1.408104944017611615e+01
-8.999324493103543432e+00
1.001680397695722036e+00
6.403468473408111095e+00
1.638700516620873771e+01
1.826538074446828830e+01
2.273857996969326223e+01
3.198565727240321621e+00
6.500955584452441371e+00
2.156645138002687645e+00
-2.469662260668258114e+00
-6.274429305081611119e+00
1.356455339845581420e+00
-2.931022293105939980e+00
-4.312892770449622049e+00
-2.296378358313648960e+01
6.348184520018833155e+00
-8.912801783157846103e+00
-8.512828378003760577e+00
1.005350764662505014e+01
5.513954865798226024e+00
3.427149443546738894e+00
-6.290093714473073305e+00
1.317269075294828440e+01
8.223637890336476630e+00
2.267370878985786931e+00
-2.444738711497103623e+01
3.737186810369692580e+00
-5.491483250759657153e+00
1.500484879931988758e+00
1.152824837280313375e+01
-6.538024826233879594e+00
5.736156851038359150e+00
1.637441418683286543e+01
-7.082198889384301310e-01
5.128428448227282388e+00
8.890918047553952874e+00
8.685002418523026790e+00
-3.531921534389795170e+00
2.913372636640076507e+00
-1.910370374717157915e+01
-3.270220262892237884e+00
-1.398369553712984725e+01
8.900520876665481751e+00
2.494116157468637596e+01
5.714077334123317087e+00
-8.008429993684842430e+00
-3.407029423572566884e+00
1.461730883291323835e+00
8.321972321751019308e+00
-5.129754021690104082e+00
1.323695674380840615e+01
-3.025925309676836150e+00
1.913167170169231213e+00
-2.534371467014864265e+00
7.946216708633556891e+00
-1.968208987191397341e+01
8.584593217944828325e+00
3.538011829124897645e+00
4.883086411435328955e+00
-1.501298863922139049e+01
1.256302397810429738e+01
-1.405303252223100685e+01
-9.012870233487973337e+00
2.042390894105096777e+01
1.167342807812103445e+01
2.216246770516306697e+00
-2.670700807566618096e+00
-6.191620336342595010e+00
1.284286815562754214e+01
-5.010679267747974563e+00
1.423929304078100699e+01
-4.029486642177943168e+00
5.150786770367119516e+00
-5.993278884493349778e+00
-3.995247492108831011e-01
-2.363157132797681470e+00
-7.127564023282673134e-01
-4.787948288127751084e+00
3.236659960664297842e+00
-3.951946628336884260e-01
-1.408867561483279474e+01
8.779002713261519375e+00
-1.176963340060666496e+00
-6.188220779924620274e-01
-6.497035462051258037e+00
3.750689582260207544e+00
-1.645066530836794527e+01
-1.012238021042472269e+01
-1.079468990285452890e+01
1.127724490826248882e+01
1.815402476623741279e+01
2.715770364753379340e+01
6.551028685973818710e+00
-1.741082977898327044e+01
-1.346572922181661625e+01
-2.495966177804262998e+00
-1.402110329579136305e+01
4.283798766332779451e+00
-1.015178353686529533e+01
3.635400386037318299e+00
-7.875742988592264737e-01
-5.765509772066636174e+00
1.664043808725749329e+01
3.379088137818243354e+00
1.135670097440765858e+00
1.713727836705552932e+01
1.377751834038440393e+01
-1.700416082712763455e-03
2.251568881213958662e+01
-6.048039124358695062e-01
-6.795190489246721199e+00
1.000726808881182706e+00
-2.650478757072463054e+01
4.810977476823396159e+00
-1.182809099968949340e+00
9.858377130906376351e+00
1.573512042813726453e+01
7.647978731184252865e-01
9.145973093603601001e+00
-1.330376355617033823e+00
7.059201321858154188e+00
4.426218838799854893e+00
-3.737484042861581202e+00
1.392477415956363984e+00
3.486235114907231036e+00
-3.747871604393850475e+00
-1.852696016354997255e+00
1.024198796250314558e+01
-8.466973605903348243e+00
-7.368908417088533724e+00
3.041499147559039784e+01
6.727933018304383950e-01
-2.563939003001985384e+01
8.789435257311680516e+00
-2.169852416378859061e+01
-8.606460032226976864e+00
1.617360220096243495e+01
-5.204164541205415162e+00
-5.854024174783205581e+00
-9.704778478591407520e+00
-1.862764156440341878e+01
-2.716181607443876089e+01
2.623799143912407317e+00
-4.526721176872314345e+00
1.665863980497476859e+01
9.106689601636531961e+00
-9.102059108770873763e+00
1.200337272616140183e+01
-5.022395261675001166e+00
-1.082273514172129580e-01
-2.444456314667959873e+00
1.273478326928584181e+01
9.287257575481774552e+00
-4.008483834946147795e+00
-1.183072885056846246e+01
6.215835223036478396e+00
4.313087966701942833e+00
8.619285816051998950e+00
2.785792858183626208e+00
-3.871553365445521422e-01
-1.733927563929432836e+01
3.477708371590438219e+00
-8.570349380778054638e+00
8.522459063165626958e+00
2.267762806081285021e+01
2.333589876254310980e+01
1.700953117270387338e-02
6.266259126479383212e+00
5.883190427523175003e+00
6.981137981772576495e+00
1.563069250647268404e+01
-4.160030694471629431e+00
1.396307965611563873e+01
-1.625613568924103447e+01
-1.431642954114201416e+01
8.035764510374875158e+00
9.688980377005066202e+00
-8.975021448684799452e+00
-8.910894232780606217e+00
-1.002296798285357227e+00
-4.255870125320228681e+00
3.558334096946680347e+00
-9.268197917377733575e+00
-6.167465228461850302e+00
1.820704099066010428e+01
2.583174415151850667e+01
3.079744343259420702e+00
-5.040863148168995167e+00
2.336296492473280750e+00
7.338724212207097253e+00
2.851673798993914488e+00
1.796201002369343769e+00
7.989748704732193119e+00
1.738160093994784461e+01
-2.163856233867002743e+01
-1.863464732531531354e+01
-5.237279969626854381e+00
7.077511689402541606e+00
-1.175444993588996567e-01
3.153897824080900136e+00
3.187553591639499473e+00
-6.586678456113645552e+00
4.703961511584935806e+00
1.084712482919573517e+01
2.360007247170526057e+01
9.766713337009946372e+00
-1.921203258836783334e-01
-6.488978578053689716e+00
7.096940949869491533e+00
2.349687327019921668e+00
-9.233596923972982040e-01
-1.931259450088276708e+00
-5.429970610248830098e+00
2.085109792487025970e+01
-1.247610731192855837e+01
-1.272936163953409050e+01
-3.849052966572571677e+00
5.920914411445437509e+00
1.134505141985812315e+01
-3.888223113570802525e+00
6.531136462317022051e-02
-2.191075670426997135e+01
-3.913303182287393156e+00
9.628684485203876875e+00
2.902804066931963689e+00
-1.902607388187846027e+00
-5.314395316318893947e+00
2.089012490493900032e+00
2.589643672280487863e+00
-3.986088588781740327e+00
-7.198395689181296575e+00
5.275898909206631515e+00
-2.104166200488299410e+01
-1.477887605049058095e+01
-1.270514221382842379e+01
1.430891371758784203e+01
-1.377145699911108068e+01
3.719628344790180563e+00
-4.942320338231695587e+00
-1.038231416443477428e+01
1.403888636471236850e+00
-1.183182956396677810e-01
-4.878144245947311219e+00
-1.761069042812800944e+01
-7.971219641839752512e+00
4.239568919281964554e+00
7.142713712279913807e+00
1.278145776782173471e+01
3.715519005417391440e+00
-1.763090210865826180e+00
-1.647361670477781104e+01
-6.941477198130428405e+00
-2.154540929401632354e+01
1.765823851084007856e+00
-7.886944330075294829e+00
1.476065468497023403e+01
-6.551775736858701293e+00
-7.153499867607195029e+00
1.442068298372447543e+00
1.282030378013530481e+00
-1.810533235461150525e+00
2.323619664871458212e+01
-1.198385673722725642e+00
-1.213266725567018511e+01
7.826853198621080310e+00
5.732867952119363508e+00
-3.487374851063023584e+00
-6.604339474112791208e+00
9.607010747859689559e+00
6.739073764538460409e+00
-3.252829662143014389e+00
-1.665007944207670221e+01
1.870286583004755698e+00
1.058714048417243703e+00
-1.282651804203129586e+01
-3.139802006764469411e+00
-4.567071126733509345e+00
7.378005950340863706e+00
-1.073989725438015341e+01
-5.241416781668050362e+00
6.516663145034641502e+00
-1.977757641954852375e+00
9.537777949484819828e+00
1.901102904918728598e+01
4.837648974443808925e+00
1.530917926956593078e+01
1.285049907020646742e+01
-4.077794357751116650e+00
1.141000119338318086e+01
4.898853852106327622e+00
3.252973627100686826e+00
-1.097556672314541970e+01
1.055051726523072375e+01
-9.422057904472183054e-01
-2.027954705357353760e+01
-7.205129188434995058e+00
-2.466066977134501315e+01
1.255928258827385946e+01
4.163785438819488149e+00
3.632496460706079233e+00
1.861457495193833722e+01
1.277618414598441632e+01
6.930011130338670000e+00
1.195371163082424459e+01
-1.260647254724955246e+01
6.476202752433721344e+00
1.179843115061279946e+01
8.875671734470131469e+00
-9.918966119086917388e+00
-1.373362958934126254e+01
-3.792427681049488797e+00
7.575130475454571410e+00
-2.874299156822061718e+00
2.360016045783268623e+00
4.071942252092441095e+00
9.734490909525334246e+00
-7.105518896973364917e+00
-4.428877387324490655e+00
-1.209942911032118218e+01
-1.017055755422589414e+01
4.268575337218052823e+00
1.176357640905783342e+01
6.675349648746504272e+00
3.850357183767073366e+00
-1.122895689953574561e+01
-3.011815956551942008e+00
-1.859530722670177738e+01
5.014339832483685200e+00
-1.279735137144996315e+00
-2.890487293706129890e+00
-2.151498702211316072e+01
4.993854839561237213e+00
8.447963652231464948e+00
1.190503700108244800e+01
-6.589613211251759139e+00
2.578399796860082915e+00
-9.382389198643522832e+00
-5.484452359979343328e+00
1.257064645804862835e+01
-1.269279292080921095e+01
1.194372690233764445e+01
2.620891544021574759e+00
2.092795527424584634e+00
-7.161754641815832656e+00
6.036244558303238250e+00
2.414561066310515969e+01
8.446681069001584774e+00
-1.351570494671889833e+01
2.620640422898054567e+01
-5.807707670199732775e+00
1.387004596296071668e+01
6.079031032978633675e+00
4.838165482100095005e+00
1.537248308203336933e+01
-8.015241001026112144e+00
-1.123725920268796585e+01
7.036569031188946610e+00
-2.141839344474314544e+01
1.961710397210124768e+01
-1.327963164169290167e+00
-1.221484353061018169e+01
-6.780244249584825411e+00
-1.257581651334952255e+01
-5.480950325949621060e+00
-1.290294820107240525e+01
7.999031273224531446e+00
1.820311484371060828e+00
3.315563274373033664e+00
-7.794947162530348805e+00
-2.083367754477876588e+00
1.239068092539737620e+01
3.253772510927660733e+00
6.141092682513288992e+00
2.072669410913314891e+01
-3.640192318999055487e+00
-7.730490120413492150e+00
4.983370259641702660e+00
3.029146416950392506e+01
-4.318479737942766405e-01
3.687581632821405719e+00
5.640961967981468206e-01
7.449885364606274152e+00
-2.218550558104482207e+00
-1.419419039186283271e+01
1.311703925218381528e+00
-2.731118605892089590e+01
-1.601386580340025034e+01
-9.032928509328286282e-01
-6.149505490155462439e+00
-6.276934127125457508e-01
1.982745527645136008e+01
-2.217647349221789455e+01
1.380042755328062754e+00
5.934065176225828964e+00
8.358005343333914539e+00
-9.525905830300743560e+00
-1.581151345124601448e+01
5.845638043314892229e+00
-1.268373486644503600e+01
4.699211833109387726e+00
1.330198876021779597e+01
4.619934803213638475e+00
1.850890885115732942e+01
-7.372307898324010011e+00
5.276549369897907127e+00
-3.797736197051719387e+00
-1.098785905421931375e+01
1.049707778979124839e+01
3.583046957499954033e+01
4.121963263013384449e+00
3.518805029633540471e+00
2.491277448752640566e+00
-1.078992085832186376e+01
-4.818185680713895636e-01
9.453163428527545875e+00
6.273519690289361961e-01
-3.161542197019258538e+00
3.417026855402554020e+00
-1.365588923799106169e+01
-1.237447723535056809e+01
-6.576230180936249781e+00
6.935764240335018371e+00
1.158441689314587109e+01
-3.283916019790837026e+00
-2.551148295865147020e+00
-7.961502904565520566e-01
5.176021709284441386e+00
2.866961025905752081e+00
2.427584041585788555e-01
1.172524586777217337e+01
1.048312379040291376e+01
4.140236491015997444e+00
-1.498147740772679981e+00
1.610418893901879756e+01
5.213397923651683641e+00
-7.762731159578777351e-01
1.082346821146589377e+01
2.232714798978719273e+00
1.221582082728411933e+01
9.586731824290097848e+00
7.237074492334841125e+00
-2.722755353497171882e+01
2.907435429118996240e+01
-5.346930685301742869e-01
-5.533905603812002028e+00
-1.040634973794396956e+00
2.181628541030875112e+00
1.327379576362091029e-01
-9.294452787522402559e-01
-3.814580888008578086e+00
-9.729524736168457366e+00
7.868526882685131341e+00
1.290751075112524404e+00
-1.212234375409232712e+01
-1.189282213640422015e+01
-1.145066652902116289e+01
3.659340233047444713e+00
-1.042312775093425614e+01
-1.366648303718487512e+01
1.677086099511922157e+01
1.214905775012981337e+01
5.137060329064524922e+00
-9.195391584966898790e+00
5.233980527102744418e+00
3.298054994070298562e-02
-9.415263155539264517e+00
3.783548225253539954e+00
1.277724546463967670e+01
1.244927202534199751e+00
2.571992207809330466e-01
-1.043339582763280760e+00
5.882836848784478434e+00
1.043586662356250372e+01
1.295493909168925484e+01
