1.100000000000000000e+01
2.000000000000000000e+01
2.400000000000000000e+01
2.200000000000000000e+01
1.800000000000000000e+01
1.900000000000000000e+01
2.500000000000000000e+01
3.200000000000000000e+01
2.600000000000000000e+01
2.200000000000000000e+01
3.800000000000000000e+01
3.000000000000000000e+01
4.500000000000000000e+01
4.600000000000000000e+01
4.600000000000000000e+01
2.300000000000000000e+01
1.670994249044866820e+00
-1.387245775013550997e+01
-7.338793698078205807e+00
-1.741668380629133139e+01
-1.119769873721457998e+01
2.214774814817189963e+00
-2.822359325419114384e+01
-4.093284883213084413e+01
-3.373112145370413373e+01
-2.700136118816163844e+01
-6.762057219993835133e+00
7.202150099030717456e+00
-8.112122417630985183e+00
-9.540991665808945754e+00
-2.576765075980765118e+01
-6.475320385119090361e+00
-2.227082470821500237e+00
-1.757445308291630681e+01
-3.040679568419207612e+01
-2.669373148256545392e+01
-4.036840175598763381e+01
-1.905578144799883944e+01
-1.005590715824922654e+00
-5.044492240227725688e+00
-1.925209337210606009e+01
-5.634380767373772869e+01
-6.939263882753115809e+01
-6.770492013228250983e+01
-6.075988188430312675e+01
-3.193618087314646914e+01
-2.503286040204736196e+01
-4.864449349781320109e+01
-5.685847965592219566e+01
-6.574478190754025775e+01
-7.527977205803831851e+01
-1.034145999157553462e+02
-1.047959407264742424e+02
-1.233762202211081558e+02
-1.178572356767885765e+02
-1.181026636100015139e+02
-9.883930068146383974e+01
-9.602329458976120691e+01
-9.234135284734851723e+01
-9.393266868483854637e+01
-8.060676924611831851e+01
-6.171334311184723731e+01
-5.120150487490967350e+01
-5.604273382473620302e+01
-6.169853784132683927e+01
-7.117365162982447657e+01
-6.827730167068116884e+01
-8.087296467532857491e+01
-9.945194568121787881e+01
-9.804269077728177706e+01
-8.679052251928978023e+01
-8.569385284593748509e+01
-8.381115752590883972e+01
-6.918730417743709893e+01
-6.026534465308141364e+01
-5.528329398764537927e+01
-5.764478707738874164e+01
-7.798080227692369704e+01
-9.824353839632377117e+01
-9.936198443703692362e+01
-8.346412517263672726e+01
-7.596549889825787716e+01
-9.698554886636826211e+01
-9.902060949615018615e+01
-1.005253457701077906e+02
-9.854191418024129234e+01
-8.769661258987272845e+01
-6.108210049268933517e+01
-4.682853678473777848e+01
-3.890096888080230997e+01
-1.816591928226327468e+01
3.947271000552177611e+00
1.344309519205773995e+01
9.601104274079801826e+00
-1.327789827445863580e+01
-3.980177857912062223e+01
-8.551936363974462552e+01
-1.019075673336283643e+02
-1.272744962244641727e+02
-1.429804486287914926e+02
-1.313012458388818686e+02
-1.084481472982669175e+02
-1.061504209691757552e+02
-8.363818998259237958e+01
-6.386194341360318560e+01
-3.650026226177493527e+01
-3.117736250763618955e+01
-4.011824698192637584e+01
-6.012638633975350899e+01
-9.622046430039806353e+01
-1.215715706583819440e+02
-1.411306479382693340e+02
-1.579302610795122348e+02
-1.741410483946311842e+02
-1.492681933060077029e+02
-1.329976085769419001e+02
-1.133823720098966135e+02
-9.365242985139106224e+01
-7.684563933610368736e+01
-6.611494348843510238e+01
-7.549817016670266412e+01
-8.277057115986572455e+01
-1.069100495966642796e+02
-1.214282959277528562e+02
-1.447032561488807971e+02
-1.449590278940210624e+02
-1.348670068145320329e+02
-1.369682463915595463e+02
-1.221683997247902767e+02
-9.171197880943543623e+01
-7.977659054063231281e+01
-5.982269016059447608e+01
-5.710922067750470887e+01
-7.933850997940614036e+01
-1.072821269283917900e+02
-1.238021360628403613e+02
-1.318273876203429609e+02
-1.510802232269766421e+02
-1.255996515657158739e+02
-8.368228193432685202e+01
-7.366653804953762119e+01
-6.524293620452473874e+01
-6.523377416577476140e+01
-5.855477075924569874e+01
-5.781539660301734784e+01
-7.327808209737837331e+01
-1.014353960211130925e+02
-1.102333113089331675e+02
-9.769828043777617665e+01
-1.117982037766164183e+02
-9.800010602793182102e+01
-9.280352036798684878e+01
-9.103764601040467142e+01
-8.445803044615277599e+01
-7.236289176740748985e+01
-9.602818557874410033e+01
-1.006297334481974275e+02
-9.049405742229936322e+01
-9.797496684387404287e+01
-9.493407420046354162e+01
-8.707481516752159223e+01
-6.107716561469001704e+01
-4.911073217470826080e+01
-2.584923061891501561e+01
-2.874526983729347762e+01
-4.035622326963016349e+01
-3.816198760531872836e+01
-5.488660141501014778e+01
-7.585010073541297970e+01
-8.205292041932864322e+01
-8.257321094349481427e+01
-8.112961426365733075e+01
-7.830111393410925302e+01
-7.408733407426481676e+01
-5.354609737000683367e+01
-3.588773374361451829e+01
-2.255724071379790985e+01
-2.974759910035442090e+01
-1.464486720493059124e+01
-4.338898157297165881e+01
-5.717603899781015286e+01
-6.682863649780327364e+01
-6.844215083562818336e+01
-8.211178511938543068e+01
-5.551504606587567991e+01
-4.435274153520765594e+01
-3.988565457021218208e+01
-4.585164464387145244e+01
-7.809772848148256230e+01
-7.552013818228279263e+01
-7.232020669133163437e+01
-7.892205790244696573e+01
-5.699466152111311601e+01
-5.569950161846639958e+01
-7.248049931236039356e+01
-7.171001118106943295e+01
-7.477066367931921320e+01
-8.564780883485042295e+01
-6.797885821645158444e+01
-5.738049788352741132e+01
-1.991333591431114769e+01
-1.881545003873554833e-01
9.218572245708571700e+00
-8.204862058582875761e+00
-2.138215102406641677e+01
-2.575658574844032955e+01
-3.376441598291862078e+01
-4.334362467244909567e+01
-6.088838969638284482e+01
-4.631712723216882921e+01
-1.051393258908231587e+01
-1.876376533818717007e+01
-1.821585070057753342e+01
-1.891314775999006770e+01
-2.301680260615000861e+00
-1.131872826724318770e+01
-3.177316168504086136e+01
-4.604428907901768753e+01
-5.594363138401394053e+01
-2.228756522036567844e+01
-3.610350246550098063e+00
-3.487277551703357403e+00
-6.828233837901649395e+00
-2.716503817753533667e+01
-4.417342111800874704e+01
-6.020351083262646341e+01
-5.743353616832320085e+01
-3.558107154866485189e+01
-4.779824447477992067e+01
-2.986592742254313748e+01
2.581449893187937050e-01
7.988358977362054247e+00
8.388114136144707800e+00
9.882663373868751933e-01
-7.314942447547281290e+00
-1.048128787241495274e+01
-2.137647525989709152e+01
-3.155545971117544468e+01
-2.009660786442327662e+01
-4.397825800659592232e+01
-3.601332733842352241e+01
-2.951870907770924646e+01
-1.911897882731665277e+01
-2.450212414624672874e+01
-3.619188847804699094e+01
-2.402020604395085002e+01
-4.059548161677923872e+00
1.959590960156120332e+01
4.106402167026936922e+01
5.161265106014781168e+01
6.725911135598474289e+01
8.254047162198816068e+01
5.591385176003481661e+01
7.202497967240901744e+00
-2.404635303294631399e+01
-5.548285273937112549e+01
-8.369482781259983994e+01
-9.008890113551586865e+01
-6.189447793871313763e+01
-1.519305295471326644e+01
1.922054724463012576e+01
2.600378504432291038e+01
5.279168606137358211e+01
5.859681506539055817e+01
5.514009639012107300e+01
2.143483549960919277e+01
-1.002953025023060718e+00
-2.499874661641740659e+01
-5.096224943209180935e+01
-5.665041466112469948e+01
-3.162982055694970995e+01
-7.921274043150390298e+00
4.163853297970092626e-01
-3.593637745544043582e+00
-4.640017562331547651e+01
-6.687237372504587540e+01
-6.342707933075422488e+01
-4.812566716094720221e+01
-2.040659783799063121e+01
-1.174204230228724555e+01
1.454851905190042771e+01
2.820647294411998018e+00
-7.741628770725128561e+00
-2.057916627059054804e+01
-4.122489627492544173e+01
-4.274819701001405292e+01
-3.057620688921198848e+01
-4.313084748550588188e+01
-4.534322863456708319e+01
-5.171885570888777295e+01
-4.758614206259824186e+01
-3.273381879268043804e+01
-1.503145454797910929e+01
2.218322263105139314e+01
2.960797948448768580e+01
4.403949012385282913e+01
4.627893673206975222e+01
1.231224738417336084e+01
-3.834944845337864194e+01
-7.178455034040179328e+01
-1.008222399567840171e+02
-8.601855880632840012e+01
-7.296808721143936793e+01
-4.493952162339394363e+01
-2.934406757332473603e+01
-4.227440284356057987e+01
-1.849554770100573364e+01
-1.530338495629911222e+01
-2.776853763781934958e+01
-3.151743791553863616e+01
-1.689960915001685748e+01
-2.547006816791025585e+00
-1.619504681644161792e+01
-4.916088212473812291e+01
-7.854035115808608225e+01
-9.622385296000946653e+01
-8.694711572293445556e+01
-7.349767367981623067e+01
-4.494839891144556532e+01
-1.783225823388266917e+01
2.026983064329814965e+01
3.564871675898558578e+01
3.646382175676765769e+01
4.296171529914849430e+01
3.259238976674942023e+01
3.595182644011492812e+01
7.591487654828966924e+00
4.493907689147420115e+00
-8.713862599887562510e+00
-3.193952505972214340e+01
-4.282072153162022232e+01
-3.854487577639173423e+01
-2.886860703897534108e+01
-3.562053144290962337e+01
-3.942262523232000149e+01
-2.605696633705039744e+01
-4.993765638304495269e+00
1.915257906970094837e+01
3.768374594646419951e+01
3.351337264937430405e+01
1.088233434941906808e+01
6.200972386546112602e+00
-9.470130979365563917e+00
-3.116338427489876040e+01
-3.262319421567281097e+01
-4.891735530376752195e+01
-7.005742155080447731e+01
-7.904724081842570627e+01
-8.259716306587972667e+01
-7.001994107604966189e+01
-5.167185150871596022e+01
-2.423017479642996364e+01
-1.032411030849121403e+01
-2.044019015966662778e+01
-2.371497066931090103e+01
-2.335077639937415483e+01
-4.218595250103595617e+01
-5.114944018590705355e+01
-5.708341353803200491e+01
-3.361727371883893056e+01
-3.629913148015933189e+01
-4.265744765402132543e+01
-7.591784031330389837e+01
-6.296369489068129610e+01
-3.637936778720899156e+01
-1.672755617889350788e+00
2.175907250331107434e+01
2.394583896318798111e+01
7.251178585610631444e+00
-1.316217881361492914e+01
-2.834333060749204947e+01
-3.086528241825996588e+01
-1.687489630605264779e+01
4.262771576392452744e+00
9.005579335255475826e+00
1.827116197463442404e+01
4.190648236076023636e+01
6.035106769904064095e+01
3.706153137186041135e+01
1.204769204883916700e+01
-1.429173007535607098e+01
-1.401019946108246472e+01
-7.438878979747045150e+00
-1.197421499071160156e+01
-2.614986774006990800e+01
-3.408380685016641110e+01
-2.226968216049587568e+01
-4.280098709018727732e+01
-3.450577906318773103e+01
-3.586940734187808744e+01
-2.963389010110120125e+01
-2.840226103597973406e+01
-4.528652340427709078e+01
-5.555153975968390512e+01
-7.212361139541199861e+01
-7.893903886410778625e+01
-7.967612397680460390e+01
-6.271043468045579061e+01
-4.800357581023324371e+01
-3.222955852115040898e+01
-2.518805233048604464e+01
-3.259017451382376862e+01
-2.225036105238672235e+01
-1.580207635999389026e+01
-2.188442335483068746e+01
-2.280014352271746247e+01
-2.541394983814771535e+01
-2.014493820337199281e+01
-2.897287203040636427e+01
-5.024347320750752033e+01
-6.330106977330025586e+01
-1.642083602583193169e+01
-3.240418302029939923e+01
-4.572737461274653015e+01
-2.998381684979858619e+01
-7.262891629411598160e+00
-7.719137901997100926e+00
5.057616382833799662e+00
1.152312993599960578e+01
2.412114949255595775e+01
4.580620705092914591e+01
4.985137818290186829e+01
2.190456566796044058e+01
1.997038785099965708e+01
8.277256586439108332e+00
3.365288711980156222e+00
-7.723766962785333590e+00
-1.561209477954520253e+01
-3.285438805504858806e+01
-6.067871802673437287e+01
-1.145317336136635902e+02
-1.409171512750849047e+02
-1.253083218286128613e+02
-1.022381448498254457e+02
-5.517853056432187486e+01
-4.819951433131976160e+01
-6.788266839117572715e+01
-9.553227728884451153e+01
-1.022146346485441768e+02
-9.480959102410328398e+01
-8.127336570182569631e+01
-1.015009582530132519e+02
-8.959321799645407225e+01
-7.891310646720536681e+01
-1.016007759946372886e+02
-1.319097966445351346e+02
-1.445966583940574992e+02
-1.302998361036734707e+02
-1.004410150853425563e+02
-6.094377878382408653e+01
-7.300984331432839269e+01
-8.101150305298646970e+01
-4.644866838593235059e+01
-4.537938491250056927e+01
-4.220039046324149012e+01
-3.652025373162942401e+01
-3.813262237460179449e+01
-4.477212395799145384e+01
-5.286354486483011783e+01
-5.683331921484602844e+01
-5.906742165245307774e+01
-5.257113213225007087e+01
-5.236417444207253880e+01
-8.379760200130955639e+01
-1.099551150835516609e+02
-1.262815326399091589e+02
-1.174875084089212010e+02
-9.920245492038473856e+01
-1.152117227391916856e+02
-1.181622480577969725e+02
-1.101465964601332956e+02
-1.040060969294037534e+02
-9.473917794647225321e+01
-1.005977365124484351e+02
-1.160971966149115957e+02
-1.513965334637212266e+02
-1.614193659927899489e+02
-1.271914004417220383e+02
-1.267952944096210217e+02
-1.112555507933901282e+02
-1.187046577900824786e+02
-1.296834359949739905e+02
-1.503970291134746731e+02
-1.469501820517824910e+02
-1.440396085299884419e+02
-1.405786206796221620e+02
-1.261005636291747010e+02
-9.646707663566522228e+01
-8.339037266733041065e+01
-6.397631328453282151e+01
-5.888913576357583679e+01
-7.166423995238781686e+01
-8.479754754777380299e+01
-7.922473391352023953e+01
-8.036292272230338085e+01
-6.032329664571047090e+01
-4.662048815086296827e+01
-3.996838592012170466e+01
-4.357604591384765058e+01
-6.103824439996382978e+01
-4.861298853011776089e+01
-3.313996901710592624e+01
-3.398000667029216970e+01
-6.735650440593958876e+01
-6.564937128952401224e+01
-7.277345413926128970e+01
-5.782600232061496115e+01
-6.116507539673789040e+01
-5.439742773433907530e+01
-7.505760575739489582e+01
-7.977274362876178770e+01
-9.338884091140933208e+01
-1.112620547930762598e+02
-1.039540222519617458e+02
-7.498249734917133935e+01
-5.378783008456549908e+01
-4.250688104508461151e+01
-4.843307067713220704e+01
-3.265364613540813821e+01
-7.766749856838089272e+00
-6.429370662286714833e+00
-5.769998832132301914e+00
-2.082449235339882421e+01
-4.392909754566042579e+01
-4.665640197358123942e+01
-3.756220962479363834e+01
-8.460974057845574237e+01
-8.884407456798668079e+01
-7.473409647392047361e+01
-5.820930562349467152e+01
-4.789322374781582425e+01
-4.498375732160812390e+01
-3.390560939120297235e+01
-1.905341218711376428e+01
-5.675878829743356846e+01
-5.225510400630963659e+01
-6.035916360006974912e+01
-7.490939882212539658e+01
-1.087309552804497059e+02
-1.228000792901747502e+02
-1.265843515166273363e+02
-1.188913527318697163e+02
-1.139152092040659454e+02
-8.382907432583832019e+01
-7.884983766614770673e+01
-5.095079521458676197e+01
-4.813882598839067839e+01
-6.248809865413437592e+01
-6.557199438492612842e+01
-8.622972295735924320e+01
-7.072828856259100405e+01
-8.851417545235425166e+01
-9.424206455657557058e+01
-9.063429133944767102e+01
-8.170594353014459443e+01
-8.264447681469603424e+01
-7.757683509541880085e+01
-9.190240025960824255e+01
-1.256339241575565495e+02
-1.238172093528170876e+02
-7.882133582682642725e+01
-3.041707833587568643e+01
-1.320303756802616135e+00
-9.511633352723208645e+00
-4.683042168390193183e+01
-6.793574251734325742e+01
-7.158354707837462172e+01
-7.898501732843620005e+01
-8.214435216123419536e+01
-1.042380625722718861e+02
-9.199670002882304232e+01
-8.036701731703742269e+01
-6.349031576286714085e+01
-4.612666354378718836e+01
-2.906298871253508764e+01
-3.067193075285527470e+01
-2.641130321508506995e+01
-3.357935763985170752e+01
-4.042321886526531216e+01
-6.690645905363822976e+01
-6.923314826811279943e+01
-4.657864221987233577e+01
-3.146897597429429538e+01
-5.022321767204653042e+01
-3.511423746317672112e+01
-6.269382783563590067e+01
-8.393824622980432082e+01
-1.131044068361185282e+02
-1.221085752383227714e+02
-8.382114171750352227e+01
-5.080446806984065233e+01
-3.837573975732766485e+01
-6.957356260542745474e+01
-8.222335282082165975e+01
-7.913271102639582466e+01
-6.258551381844030459e+01
-7.083635174276733437e+01
-7.293685466985196797e+01
-6.796043014839399632e+01
-4.864166609216374582e+01
-5.016668927528922950e+01
-3.975494809923847583e+01
-2.973530304851709616e+01
-3.496632944513453367e+01
-3.691437356409244330e+01
-3.513625202155304805e+01
-4.167071299787562566e+01
-4.735999263453639685e+01
-3.411784615144222244e+01
-2.803682167992616314e+01
-3.802822005645248282e+01
-3.335790212833191504e+01
-2.765545084016727628e+01
-1.668106108992682834e+01
-1.781317776739476244e+01
-3.303134151614329994e+01
-1.666847271554189547e+01
-3.743064896684816745e+01
-2.886320323692166312e+01
-4.148641553290346451e+01
-5.706752407004401562e+01
-5.063923818631094775e+01
-3.994230511735224809e+00
4.324033381146051624e+00
2.900421179609480760e+00
-3.895255131080074307e+01
-5.048738140583793665e+01
-8.548465276689704240e+01
-1.027534344383616798e+02
-1.115026983840154173e+02
-1.180191290570344620e+02
-1.173188192872731150e+02
-1.096034763909929524e+02
-8.378860875925219887e+01
-7.246478820104911733e+01
-8.147772291314375082e+01
-7.081574403076291446e+01
-7.692705575296237441e+01
-9.229822039179667570e+01
-9.759600317250830415e+01
-1.120898517675437631e+02
-1.416952208325365632e+02
-1.546160257053089708e+02
-1.629697817553773405e+02
-1.353808302764943505e+02
-1.187848134462213920e+02
-8.544059283794838677e+01
-6.425298419598605904e+01
-7.155242284767039962e+01
-6.746462922430418985e+01
-5.228119315736034878e+01
-8.256623393323863525e+01
-1.080523304678466587e+02
-1.103636454768194142e+02
-9.914423892565349661e+01
-8.163902562608919311e+01
-8.139469948198495786e+01
-9.833356639875979965e+01
-9.445452206547906826e+01
-7.356447677750541914e+01
-8.538158014381180294e+01
-6.881265035741698455e+01
-6.938256124726625274e+01
-6.622351098155161253e+01
-6.965712686646102725e+01
-7.716161337770303419e+01
-8.341360478941993506e+01
-7.978035318147308885e+01
-8.057424672607156424e+01
-8.812272853655784388e+01
-9.362808856604490870e+01
-5.560342916723035955e+01
-4.019232410308143244e+01
-3.547509698924079657e+01
-1.620929402091240945e+01
1.384453671981276557e+00
5.540286177669344170e+00
-1.166441088569007434e+01
-3.434566811015173471e+00
1.235175282893038684e+00
1.580072763111448353e+01
7.859845266779075246e-03
-2.320255124058843421e+01
-3.770283310982949843e+01
-4.080232446704590643e+01
-4.371771729222788849e+01
-2.473713012355187857e+01
-1.748381710015348744e+01
1.223188558662357650e+01
2.490501585995079381e+01
8.399064209961011329e+00
-8.650385857041953841e+00
-4.920131171610506726e+00
-2.839739891229353930e+01
-3.102894308539052304e+01
-2.992457208294999305e+01
-2.357947717553500411e+01
-3.515283694655937552e+01
-3.442509845940995206e+01
-1.992750152493832161e+01
-2.211663118936900219e+01
-3.922983552056109602e+01
-4.386144209475557432e+01
-3.710018463852534865e+01
-3.033857370106159124e+01
-9.136689513111633687e+00
1.714095489020508012e+00
-2.654457808563591925e+00
-1.421728491386423343e+01
-2.435947199015933506e+01
-5.006255816230367373e+01
-6.783175727580490388e+01
-6.358012667173638022e+01
-4.811446343245366108e+01
-7.113794142670124643e+01
-6.172721182280540120e+01
-5.965049307223527819e+01
-5.924936419656820874e+01
-2.292738536478282185e+01
-1.801926046565824890e+01
9.094233490112173968e+00
8.885716195769930437e+00
7.159716302033132251e-01
-1.346779427361428816e+01
-2.865872793713012356e+01
-5.538434379240941041e+01
-8.205766154793872147e+01
-4.815451641192515808e+01
-3.447258872414386133e+01
-3.026343454279913203e+01
-3.195776854227452191e+01
-4.903156855923151625e+01
-2.209523448370302390e+01
-2.084608967483779907e+01
-1.867981233839216770e+01
-1.398355704370064245e+01
-7.083104254799934552e-01
2.864315364496661687e+00
6.921391485465392179e+00
-3.914071791083321727e+01
-5.323661977022474900e+01
-3.087744614224865813e+01
-4.081585196290507156e+01
-4.243206685531563949e+01
-3.627484850011856565e+01
-1.094613312495943092e+01
-1.461456371743366844e+00
1.249931341949107377e+01
-2.790508668333018250e-01
-2.451840925986900288e+01
-2.503560653944987280e+01
-5.092088324188961224e+01
-7.056336577003327193e+01
-9.610185369218164908e+01
-1.046037849633914902e+02
-7.445092179979197056e+01
-9.743291538098512206e+01
-8.991340646139910575e+01
-8.030583674489081147e+01
-7.805160114294550056e+01
-8.022675213456003007e+01
-8.470925569950726697e+01
-1.169949802049211058e+02
-1.223479801471368233e+02
-1.074099775059273583e+02
-8.228421920323309280e+01
-7.479820134671166443e+01
-8.200129926722136986e+01
-8.072071542482808582e+01
-8.519869970138454107e+01
-6.927920401490298730e+01
-4.416147487049303777e+01
-6.613637915113912413e+00
2.542712144799480711e+00
9.725026531628884641e+00
-1.556350271271489305e+01
-4.727051688887790704e+01
-9.151733202505754150e+01
-9.370390756713914016e+01
-8.760249937027494127e+01
-8.311347131556809131e+01
-1.035023522463542065e+02
-1.023914675144211515e+02
-1.020680655807551886e+02
-7.701411167711640360e+01
-7.541193106593151185e+01
-8.443587084602090442e+01
-8.023370597238070445e+01
-6.499374464746965430e+01
-5.639811027120759945e+01
-4.036602988528554192e+01
-4.240596394239273081e+01
-3.533557261353800527e+01
-1.990863170830891704e+01
-4.223246672114063927e+01
-7.376769619781080678e+01
-8.012009722828763358e+01
-5.410980275119432292e+01
-1.326087781295288437e+01
-1.039748500635732853e+01
-3.236421891114753180e+01
-5.838907340465770801e+01
-6.404066805562121090e+01
-7.408108989997523963e+01
-5.536297749072370777e+01
-5.324430952337357326e+01
-3.825453969547513111e+01
-3.401524143126991362e+01
-6.998376855322182166e+01
-7.956015460011460050e+01
-5.516431324140881998e+01
-6.446807557745451334e+01
-9.371067493716502383e+01
-8.223809265143408709e+01
-8.704900158524105791e+01
-7.772505703328056370e+01
-6.554468380506997960e+01
-8.042305355991547344e+01
-9.734465631460695079e+01
-1.028859078336611645e+02
-9.322071799459794761e+01
-8.179690847224861727e+01
-8.183707047583985172e+01
-8.359086727540328354e+01
-6.629790851221871151e+01
-6.985815382036082610e+01
-6.812511191921282716e+01
-4.799766564614992603e+01
-4.073919570545518809e+01
-4.600070799666438859e+01
-3.942193779107137175e+01
-3.132978786474828325e+01
-2.294784806861599691e+01
-2.220040026229406749e+01
-1.294977312578518536e+01
-3.740038351437792130e+01
-2.833188379127227563e+01
-3.325776015514449568e+01
-2.456884230939681402e+01
-3.726626458290371602e+01
-3.205759053894880140e+01
-3.245724511254883282e+01
-3.328425234300902957e+01
-5.049303908133566665e+00
5.482742704998003092e+00
1.974007175326852348e+01
-9.262413097405897133e-02
-3.529671945498040486e+01
-4.007086020467966136e+01
-2.949080841443421264e+01
-3.002097482571940645e+01
-1.401928428533318538e+01
-2.012952416135874500e+00
4.087077350185012392e+00
2.120505063085360575e+01
4.220595618330975185e+00
-2.752866604560898622e+01
-5.494078186941617048e+01
-4.559230019380643739e+01
-2.887153635573798738e+01
-2.478216422076300773e+01
-4.807081133745546708e+01
-2.821804775352396177e+01
4.079114145321199203e+00
7.256737188727498733e+00
-1.760248280999633153e+00
-1.952438333011610894e+01
-3.894213035461461914e+01
-1.420187894382584659e+01
-1.850428296031168429e+01
-3.511629325208051000e+01
-4.125660990580647081e+01
-4.334673801854762587e-01
1.997583430820492367e+01
2.063056103555936716e+01
-1.196488040780167239e+01
5.584737510155775908e+00
7.801816060514937590e+00
2.734070723187315366e+01
2.394977581119954380e+01
7.991669769356747111e+00
-2.528542154806595477e+01
-3.967949823096120099e+01
-4.596448238748178028e+01
-3.582537083375052589e+01
-3.507482103454799471e+01
-8.459944053984628454e+00
1.693010602917226493e+01
1.312007541541973410e+01
-2.192794277344441412e+01
-3.457566180907650732e+01
-5.874275357416061638e+01
-6.140494424728747447e+01
-5.970988046048445597e+01
-4.130387643390420749e+01
-2.636066465506630152e+01
-2.100257900429150482e+01
-1.403873239886675606e+01
-1.192342895650978107e+01
1.397834977816563651e+01
2.973000934033208864e+01
1.722179779374846476e+01
6.547968694413953017e+00
-7.391067123929929039e+00
-1.840733124716450675e+01
-5.300201002528811500e+01
-7.152483479425198709e+01
-4.341371317161471666e+01
-4.919778026849616026e+01
-5.977691171440207540e+01
-6.668349068994076845e+01
-6.349708452630828504e+01
-5.315327447568677144e+01
-4.033395617853156523e+01
-4.748403646325337490e+01
-4.207666076219433648e+01
-5.561044906529608056e+01
-8.223947155644043505e+01
-9.477703745804444679e+01
-9.854785076688412460e+01
-9.586641207228470307e+01
-7.568825622848677881e+01
-6.538691263534525433e+01
-5.568308731768901509e+01
-2.699623474007159984e+01
-5.626200789596708773e+00
5.705831878448691441e+00
2.652504915268849572e+00
-1.986380013851362492e+01
-1.448126835296278614e+01
-1.495791367434873109e+01
-2.033037292655831152e+01
-6.296743108006722878e+00
-3.400106495136995477e+01
-4.887415576039886389e+01
-3.194190373850332776e+01
-2.512818321980185488e+01
-3.288652793285635312e+01
-2.409017917649566698e+01
-2.595224790488987310e+01
-4.358496964640110605e+01
-5.750292366190900850e+01
-5.411207548901403186e+01
-6.682430329749900011e+01
-7.404816963852073286e+01
-6.975787699338039261e+01
-6.926295834411470764e+01
-6.870021716552606961e+01
-4.879357176797662987e+01
-1.588443676042408015e+01
-3.684809047269231996e+01
-5.419543593037163021e+01
-6.763145049426090338e+01
-7.546547037099463751e+01
-9.404932952070026886e+01
-9.031350173306863383e+01
-9.260699046218257990e+01
-9.424646893484295163e+01
-7.589291497467368686e+01
-6.917735215396332649e+01
-4.763540729163580068e+01
-4.168024355654310398e+01
-6.205411131404734704e+01
-6.894237159722111130e+01
-1.023204745105110760e+02
-1.101530285738471377e+02
-1.115508755696754690e+02
-1.012906057996270448e+02
-6.775065422640039969e+01
-4.259096033932706860e+01
-2.046897202931324955e+01
7.089981091169107685e+00
3.629804691642161174e+01
4.704833003774771782e+01
2.095064490917110334e+01
-1.985875982922689786e+01
-4.410926098639595239e+01
-5.839023331290705698e+01
-6.762486124252291120e+01
-7.613419014642296645e+01
-6.724888476713141472e+01
-6.884244682112006330e+01
-7.492729275794712862e+01
-6.426967434399574586e+01
-3.812956320921358611e+01
-3.736159663529483055e+01
-4.077493415979029123e+01
-2.522652350694008305e+01
-3.018846231091652044e+01
-5.486197806662470100e+01
-3.779313100984168727e+01
-4.895163459223049074e+01
-6.268466626150602394e+01
-4.773517948780074960e+01
-4.702153762444001472e+01
-4.983813853974602637e+01
-6.191800054581577228e+01
-6.513095017967866340e+01
-9.200911524475678505e+01
-9.304522068155630166e+01
-8.406803723315897514e+01
-8.271694434969798237e+01
-7.620323493021012951e+01
-9.076626608355603310e+01
-9.314388448716000823e+01
-9.123778019222343971e+01
-9.307288747010163377e+01
-9.542462305873284834e+01
-1.012612692576078786e+02
-1.066988519266280662e+02
-1.053612057628031948e+02
-8.728677929782520550e+01
-6.944083819531918778e+01
-4.524523283537195084e+01
-4.112958690781510995e+01
-3.188631948359488888e+01
-4.655971654428080342e+01
-6.295734042872769010e+01
-5.167257660782624384e+01
-5.330998289658928968e+01
-3.001894894984016560e+01
-1.045339565662879977e+01
-1.781759923564553105e+01
-4.073375727401833046e+01
-7.242773183055825825e+01
-8.117949813174833196e+01
-7.767973291862020346e+01
-8.144252939174870676e+01
-7.662415702734963929e+01
-6.426500087489499435e+01
-8.938293533160306481e+01
-6.916583858934326656e+01
-5.051659464066220551e+01
-4.004199244946164526e+01
-1.110266015414939034e+01
-6.787512354191107988e+00
-2.880529340965324536e+00
4.991840015151723264e+00
8.490756202890480608e+00
2.075679813043700506e+01
2.116448830986504959e+01
2.546230884080415535e+00
-3.124437232888041649e+01
-4.934966124247648622e+01
-6.690487437507259472e+01
-7.354093652096602796e+01
-8.069991999188118825e+01
-7.585357886833457997e+01
-1.073717095440295566e+02
-8.764487198730306261e+01
-8.505284598337574664e+01
-8.471161519863429135e+01
-8.214997305906916836e+01
-4.308973595532845025e+01
-4.311550754319296175e+01
-3.290112181142623626e+01
-3.836434047725188634e+01
-5.229219189129563006e+01
-7.054794180762252154e+01
-7.083551712172695147e+01
-8.079708782987316340e+01
-5.959123861885574058e+01
-5.850497436857497746e+01
-4.501223664721936757e+01
-5.604170083674310376e+01
-6.489914039185171646e+01
-8.150415335326009370e+01
-6.955800210434139785e+01
-8.024361480116286316e+01
-7.612680976432270086e+01
-7.525248905449619485e+01
-7.910505725099127972e+01
-8.512737685757987549e+01
-6.467672203012813270e+01
-8.522478964850466809e+01
-8.527991534581052235e+01
-8.625451858071987488e+01
-8.297297066632552287e+01
-7.765247217870903285e+01
-9.661533355285473590e+01
-1.172099309894264536e+02
-1.079358265237481049e+02
-1.258406326752791529e+02
-1.410756962746147849e+02
-1.475852734902634893e+02
-1.496166518480320349e+02
-1.247638794172491146e+02
-1.062126733218612316e+02
-1.015882426123938131e+02
-1.157465892380207890e+02
-1.113827936562875607e+02
-8.600668519426041314e+01
-8.803330296071423788e+01
-1.076702519726054419e+02
-1.237313758182656045e+02
-1.298054859979147864e+02
-1.421684798304920321e+02
-1.445737831222789680e+02
-1.244130356021200328e+02
-1.089993057421219902e+02
-9.229663008474673802e+01
-1.239496006413027089e+02
-9.232721767710573602e+01
-1.109902805148799416e+02
-1.181390360582581422e+02
-1.156176194635771850e+02
-1.207078310513900021e+02
-1.105567075763810720e+02
-8.504411026660787343e+01
-9.266971846549920144e+01
-1.060312816164643266e+02
-9.316542945030604983e+01
-9.832850400175901484e+01
-1.109770382883584432e+02
-1.198703561225288325e+02
-1.142080727597619187e+02
-1.035554147506826013e+02
-9.632737998536840962e+01
-7.679913597126207492e+01
-6.801886954303255095e+01
-4.958616737501920113e+01
-6.937592928293706507e+01
-4.059256437039306320e+01
-8.524337771997551272e+00
1.031641943146061635e+01
3.580549311072473984e+00
-2.947819669427028089e+01
-5.492483265417548921e+01
-6.930062664690655083e+01
-7.110069366808355085e+01
-7.968007452232835419e+01
-8.370222719375529152e+01
-6.886050770328618853e+01
-1.553171987709700375e+01
3.607286597377935777e+00
4.056916259477532094e+00
2.335360021853063017e+00
-1.267116978760185475e+00
-1.763112112628846262e-01
-1.954959748355864235e+01
-4.069339154728908170e+00
-7.199619150877111906e+00
-7.616410083266742959e+00
6.064173955336514155e+00
-3.407286418157980279e+00
-2.646913431969645103e+01
-3.896387115990239636e+01
-4.362081591341905096e+01
-3.376794872830234340e+01
-2.057956558555090965e+01
-7.174812978231472016e+00
-1.983010171247261155e+01
-5.217058612943692708e+01
-7.787194927924370802e+01
-6.914952469003462454e+01
-4.378467247366131687e+01
3.453834092453206495e+00
1.528184637007373681e+01
7.125294809016764930e+00
-3.037387980296486489e+01
-4.394984812090999071e+01
-4.524566525731816569e+01
-3.608903016305893630e+01
-1.778187571869523254e+00
9.725186181330286672e+00
2.668503381805035701e+01
1.827688328468298096e+01
1.675322291321262469e+01
7.474133183106800971e+00
-1.868566062633925640e+01
-2.874226557439499175e+01
-1.190820117296175340e+01
-1.039725547782580861e+00
2.875992143455721362e+01
3.875681080342420159e+01
4.656831319179659090e+01
1.786626442217414024e+01
-7.672409519756655527e+00
-1.278527304569121270e+01
-4.180912799790803547e-02
7.930542302121722287e+00
2.085859160920372801e+01
7.167949237887540903e+00
-1.119338589411887597e+01
-1.445443388490429015e+01
-2.314865564643196194e+01
-5.465008260472046686e+00
4.400471534833059195e-01
1.499516221096496338e+01
6.778303191717668597e+00
-4.455947494825599620e+01
-7.886285202792952020e+01
-7.254739720646732337e+01
-5.856684665085563779e+01
-7.454821265369210437e+01
-7.211479885695612779e+01
-6.087543259980958510e+01
-4.557021163838160760e+01
-4.090588951301634779e+01
-3.950896497648977856e+01
-3.498330268095796214e+01
-3.505390149603360328e+01
-4.436842775618197265e+01
-5.031010692581885735e+01
-7.838916693595457730e+01
-1.291691555313105368e+02
-1.509970425710381789e+02
-1.793794661419040040e+02
-1.595727325045729117e+02
-1.210616804966890356e+02
-8.706888505989824978e+01
-6.624329871834284234e+01
-5.195112478960682267e+01
-4.247972894993415593e+01
-3.655464923737238792e+01
-1.444963858297489878e+01
-1.013454783748014165e+01
-1.384961075044847689e+01
-3.308158995235552879e+01
-1.257817092262504843e+01
-1.661332502359607588e+01
-2.443747322325654636e+01
-3.983267469906203928e+01
-4.352207104834963047e+01
-4.178382483965310712e+01
-4.378517445964303079e+01
-4.830967687710445091e+01
-5.142033747668996568e+01
-5.682035563054628824e+01
-7.775620981394112619e+01
-7.284493828593798526e+01
-7.190890412363073381e+01
-6.501184019722145990e+01
-6.070413416409076035e+01
-7.750671530013575250e+01
-9.406192647622498271e+01
-9.426817913515665737e+01
-1.081951278239155698e+02
-1.051193276433552910e+02
-7.966192322367048462e+01
-7.213129300112247222e+01
-6.747400979321689363e+01
-8.618198194276537549e+01
-1.139017332226640917e+02
-1.224690881534939848e+02
-1.277966781354121224e+02
-1.174535525316715621e+02
-9.922266305767357153e+01
-1.099582852761972731e+02
-1.298260692111890364e+02
-1.287954980342169335e+02
-8.146201819937704158e+01
-6.209579539974890849e+01
-6.017781864866559260e+01
-3.952723722321263722e+01
-2.466144099105025589e+01
-1.604404152505983916e+01
-2.586858081933590370e+01
-2.451939818050203712e+01
-1.917274564807152615e+01
-1.808223066653914657e+01
-1.741980396045576640e+01
-4.567735704302955924e+01
-6.113690117981172989e+01
-7.403241738449732168e+01
-9.538972498466448258e+01
-1.212330001911651465e+02
-1.294903843831451695e+02
-1.160251537640245090e+02
-7.495978644496084087e+01
-7.262301093583629097e+01
-3.234111499544351886e+01
-3.953971648940901673e+01
-4.784721120752435297e+01
-5.007167496959634434e+01
-4.001768755394371624e+01
-5.153084522172285631e+01
-3.777752198759492330e+01
-6.246052311397983203e+01
-4.672707359436731167e+01
-5.360000294363048567e+01
-2.682293818039863709e+01
-3.548257182362951312e+01
-6.040932027152769024e+01
-9.317782651116280590e+01
-1.055043536247237910e+02
-7.557948386663493068e+01
-6.713489705540841612e+01
-5.371517266232801546e+01
-5.610081630908833006e+01
-5.086649795378244221e+01
-5.243922258691517868e+01
-6.321227361089596286e+01
-8.151602083422801570e+01
-4.319156900984339131e+01
-3.471686671853933603e+01
-1.098670886322395290e+01
-3.850696760827324283e+01
-6.679299104469637882e+01
-8.549754562054877738e+01
-6.905862699733553711e+01
-5.919693997169697752e+01
-4.655112949931205435e+01
-1.773505296114666407e+01
-1.503719117132001770e+01
-4.423181873998564129e+01
-4.304412454833791912e+01
-5.493988148311818520e+01
-4.859090821578557495e+01
-2.050496197601466974e+01
-2.199259318313065137e+01
-1.776730248168061621e+01
-1.321170128960366696e+01
-2.312000530170504931e+01
-3.378839473072002875e+01
-4.589159874002544370e+01
-5.021590458073920615e+01
-3.650141778040145368e+01
-3.550188740756649963e+01
-2.880189231621699264e+01
-3.420896556306712455e+01
-5.532334459222666112e+01
-4.984432388385255308e+01
-3.868313734449495200e+01
-4.575628534556122418e+01
-4.558625217171206145e+01
-5.268539264699398927e+01
-4.697784692186361610e+01
-4.719403656786697354e+01
-7.356025977116449610e+01
-5.603313070921080907e+01
-1.701116832632806108e+01
1.272648706121771056e+00
-5.774024784750281469e+00
-2.021730075901089663e+01
-3.709958962178069442e+01
-4.100657851197919967e+01
-5.048594424062095243e+01
-2.520984954521586019e+01
-3.610942099040047992e+01
-4.029070274710062449e+01
-5.764466260812616838e+01
-1.078593172321671858e+02
-1.548491914584853930e+02
-1.591658466757317285e+02
-1.226307201492845422e+02
-7.531774975340570677e+01
-4.553949988991794839e+01
-4.947884205393155810e+01
-6.868933422941394440e+01
-8.575150584013816513e+01
-8.852521480104839213e+01
-7.851150035590490006e+01
-8.578306367609734195e+01
-1.040563990018642215e+02
-1.122865209731428422e+02
-1.372359925317350076e+02
-1.007334480543860309e+02
-1.027391358876081995e+02
-1.092956120766458525e+02
-1.304848164919253577e+02
-1.348001095982709217e+02
-1.041675257232386400e+02
-6.376086165498135472e+01
-6.896181664327825445e+01
-6.935339260951296581e+01
-7.970266598695256732e+01
-7.889767111888821205e+01
-7.085733211265805664e+01
-6.735741533677963844e+01
-8.268046057782460423e+01
-8.516380793176324460e+01
-7.364316274386516170e+01
-6.109193130194270793e+01
-7.879333671566050157e+01
-9.554826774157444902e+01
-6.925755619544348463e+01
-2.818565162160311388e+01
-2.901302780930106451e+01
-2.640122835421331615e+01
-6.067114021365722465e+01
-6.380575124104174733e+01
-4.811311510803425051e+01
-3.546238006424124478e+01
-4.741764316136401192e+01
-3.719801742869228178e+01
-6.318605623555697548e+01
-8.224542272358588946e+01
-7.314707204296777832e+01
-7.264440448604567280e+01
-7.037977852088887687e+01
-6.876068951631978621e+01
-5.611064939714542277e+01
-3.185811682857777782e+01
-4.751044476872084488e+01
-7.114974944078315389e+01
-7.559962385926721140e+01
-5.724284989333297347e+01
-6.773625751102991899e+01
-1.083878178420979737e+02
-1.334727197449097957e+02
-1.317585632456737699e+02
-1.341445161048088721e+02
-1.050119913941357481e+02
-6.853810412172792610e+01
-6.672706052942800170e+01
-4.971787920985728704e+01
-6.908104944017611615e+01
-6.200067550689645657e+01
-8.100168039769572204e+01
-9.040346847340811109e+01
-8.938700516620873771e+01
-6.426538074446828830e+01
-3.473857996969326223e+01
3.801434272759678379e+00
7.499044415547558629e+00
7.843354861997312355e+00
1.469662260668258114e+00
-1.072557069491838888e+01
-2.935645533984558142e+01
-3.506897770689406002e+01
-4.068710722955037795e+01
-4.703621641686351040e+01
-8.134818452001883315e+01
-8.008719821684215390e+01
-8.948717162199623942e+01
-9.905350764662505014e+01
-7.951395486579822602e+01
-5.642714944354673889e+01
-4.170990628552692669e+01
-4.517269075294828440e+01
-3.122363789033647663e+01
-2.126737087898578693e+01
-2.155261288502896377e+01
-6.673718681036969258e+01
-8.050851674924034285e+01
-9.650048487993198876e+01
-9.652824837280313375e+01
-7.846197517376612041e+01
-8.073615685103835915e+01
-7.437441418683286543e+01
-4.429178011106156987e+01
-3.712842844822728239e+01
-3.189091804755395287e+01
-2.068500241852302679e+01
-9.468078465610204830e+00
-1.591337263664007651e+01
-1.889629625282842085e+01
-5.572977973710776212e+01
-7.801630446287015275e+01
-1.069005208766654818e+02
-9.794116157468637596e+01
-5.271407733412331709e+01
-2.399157000631515757e+01
-2.859297057642743312e+01
-3.646173088329132383e+01
-4.132197232175101931e+01
-3.287024597830989592e+01
-4.023695674380840615e+01
-2.497407469032316385e+01
-2.591316717016923121e+01
-2.446562853298513573e+01
-3.094621670863355689e+01
-2.631791012808602659e+01
-6.158459321794482833e+01
-5.953801182912489764e+01
-5.088308641143532896e+01
-3.498701136077860951e+01
-5.156302397810429738e+01
-3.494696747776899315e+01
-5.398712976651202666e+01
-7.342390894105096777e+01
-4.867342807812103445e+01
-2.121624677051630670e+01
-1.232929919243338190e+01
-1.380837966365740499e+01
-2.784286815562754214e+01
-1.798932073225202544e+01
-2.523929304078100699e+01
-9.970513357822056832e+00
-1.415078677036711952e+01
-9.006721115506650222e+00
-1.660047525078911690e+01
-1.963684286720231853e+01
-2.828724359767173269e+01
-3.121205171187224892e+01
-3.923665996066429784e+01
-3.160480533716631157e+01
-2.691132438516720526e+01
-4.377900271326151938e+01
-3.482303665993933350e+01
-3.238117792200753797e+01
-3.150296453794874196e+01
-4.075068958226020754e+01
-3.654933469163205473e+01
-6.187761978957527731e+01
-8.320531009714547110e+01
-1.052772449082624888e+02
-9.115402476623741279e+01
-5.615770364753379340e+01
-5.510286859738187104e-01
2.241082977898327044e+01
-5.534270778183383754e+00
-4.550403382219573700e+01
-6.797889670420863695e+01
-9.928379876633277945e+01
-9.984821646313470467e+01
-1.086354003860373183e+02
-9.921242570114077353e+01
-9.123449022793336383e+01
-9.364043808725749329e+01
-7.037908813781824335e+01
-5.713567009744076586e+01
-5.213727836705552932e+01
-2.377751834038440393e+01
3.001700416082712763e+00
2.484311187860413384e+00
2.560480391243586951e+01
1.779519048924672120e+01
-9.000726808881182706e+00
-2.649521242927536946e+01
-7.581097747682339616e+01
-8.481719090003105066e+01
-7.985837713090637635e+01
-5.373512042813726453e+01
-1.476479787311842529e+01
3.854026906396398999e+00
2.033037635561703382e+01
2.094079867814184581e+01
2.457378116120014511e+01
2.673748404286158120e+01
1.460752258404363602e+01
4.513764885092768964e+00
-2.521283956061495246e-01
-1.614730398364500275e+01
-2.924198796250314558e+01
-2.153302639409665176e+01
-3.063109158291146628e+01
-4.041499147559039784e+01
1.032720669816956161e+01
3.363939003001985384e+01
2.210564742688319484e+00
5.698524163788590613e+00
-2.739353996777302314e+01
-5.217360220096243495e+01
-3.079583545879458484e+01
-2.814597582521679442e+01
-3.629522152140859248e+01
-4.837235843559658122e+01
-7.883818392556123911e+01
-1.286237991439124073e+02
-1.344732788231276857e+02
-1.326586398049747686e+02
-9.410668960163653196e+01
-5.689794089122912624e+01
-5.200337272616140183e+01
-3.697760473832499883e+01
-4.589177264858278704e+01
-6.055554368533204013e+01
-7.673478326928584181e+01
-6.728725757548177455e+01
-5.399151616505385221e+01
-5.716927114943153754e+01
-8.321583522303647840e+01
-8.731308796670194283e+01
-8.761928581605199895e+01
-7.478579285818362621e+01
-6.661284466345544786e+01
-6.366072436070567164e+01
-8.847770837159043822e+01
-8.942965061922194536e+01
-1.025224590631656270e+02
-9.467762806081285021e+01
-5.833589876254310980e+01
-1.201700953117270387e+01
-4.266259126479383212e+00
-8.831904275231750034e-01
-3.981137981772576495e+00
-5.630692506472684045e+00
8.160030694471629431e+00
3.692034388436127301e-02
1.125613568924103447e+01
-1.468357045885798584e+01
-4.803576451037487516e+01
-4.868898037700506620e+01
-3.102497855131520055e+01
-3.708910576721939378e+01
-4.499770320171464277e+01
-4.374412987467977132e+01
-4.355833409694668035e+01
-3.373180208262226643e+01
-4.283253477153814970e+01
-5.620704099066010428e+01
-3.183174415151850667e+01
1.892025565674057930e+01
3.604086314816899517e+01
2.566370350752671925e+01
1.466127578779290275e+01
1.314832620100608551e+01
9.203798997630656231e+00
3.010251295267806881e+00
4.618399060052155392e+00
2.463856233867002743e+01
-5.365352674684686463e+00
-4.576272003037314562e+01
-6.607751168940254161e+01
-5.588245550064110034e+01
-4.315389782408090014e+01
-2.218755359163949947e+01
-4.413321543886354448e+00
-4.703961511584935806e+00
2.152875170804264826e+00
1.839992752829473943e+01
5.223328666299005363e+01
6.819212032588367833e+01
5.948897857805368972e+01
2.790305905013050847e+01
9.650312672980078332e+00
-1.107664030760270180e+01
-3.106874054991172329e+01
-4.557002938975116990e+01
-5.285109792487025970e+01
-1.352389268807144163e+01
-9.270638360465909500e+00
-2.215094703342742832e+01
-2.892091441144543751e+01
-1.634505141985812315e+01
8.888223113570802525e+00
1.593468863537682978e+01
1.491075670426997135e+01
-2.208669681771260684e+01
-4.262868448520387687e+01
-3.490280406693196369e+01
-2.809739261181215397e+01
-3.068560468368110605e+01
-3.608901249049390003e+01
-3.258964367228048786e+01
-2.301391141121825967e+01
-2.480160431081870342e+01
-3.727589890920663152e+01
-3.295833799511700590e+01
-6.122112394950941905e+01
-8.829485778617157621e+01
-1.133089137175878420e+02
-9.522854300088891932e+01
-1.067196283447901806e+02
-9.805767966176830441e+01
-9.861768583556522572e+01
-1.084038886364712369e+02
-1.048816817043603322e+02
-9.612185575405268878e+01
-9.838930957187199056e+01
-1.200287803581602475e+02
-1.322395689192819646e+02
-1.221427137122799138e+02
-1.007814577678217347e+02
-7.171551900541739144e+01
-5.723690978913417382e+01
-6.152638329522218896e+01
-9.305852280186957159e+01
-1.184545907059836765e+02
-1.607658238510840079e+02
-1.661130556699247052e+02
-1.657606546849702340e+02
-1.234482242631412987e+02
-1.018465001323928050e+02
-8.844206829837244754e+01
-7.328203037801353048e+01
-6.018946676453884947e+01
-6.123619664871458212e+01
-2.980161432627727436e+01
-3.086733274432981489e+01
-6.082685319862108031e+01
-6.873286795211936351e+01
-7.151262514893697642e+01
-8.739566052588720879e+01
-1.076070107478596896e+02
-1.007390737645384604e+02
-8.674717033785698561e+01
-8.234992055792329779e+01
-1.028702865830047557e+02
-1.040587140484172437e+02
-9.917348195796870414e+01
-1.098601979932355306e+02
-1.124329288732664907e+02
-1.143780059503408637e+02
-9.926010274561984659e+01
-1.047585832183319496e+02
-1.105166631450346415e+02
-1.010222423580451476e+02
-9.753777794948481983e+01
-8.101102904918728598e+01
-4.683764897444380892e+01
-3.530917926956593078e+01
-1.785049907020646742e+01
-3.922205642248883350e+00
-1.941000119338318086e+01
-1.889885385210632762e+01
-1.925297362710068683e+01
-2.102443327685458030e+01
-4.255051726523072375e+01
-3.405779420955278169e+01
-3.372045294642646240e+01
-6.379487081156500494e+01
-8.333933022865498685e+01
-1.215592825882738595e+02
-1.081637854388194881e+02
-8.563249646070607923e+01
-6.461457495193833722e+01
-2.777618414598441632e+01
3.069988869661330000e+00
1.304628836917575541e+01
2.360647254724955246e+01
-7.476202752433721344e+00
-1.879843115061279946e+01
-1.087567173447013147e+01
9.189661190869173879e-01
-1.626637041065873746e+01
-4.720757231895051120e+01
-6.557513047545457141e+01
-5.712570084317793828e+01
-5.336001604578326862e+01
-4.207194225209244109e+01
-2.673449090952533425e+01
-8.944811030266350826e-01
-5.711226126755093446e-01
-8.900570889678817821e+00
-3.582944244577410586e+01
-6.326857533721805282e+01
-6.476357640905783342e+01
-4.267534964874650427e+01
-2.385035718376707337e+01
-1.177104310046425439e+01
-2.798818404344805799e+01
-4.140469277329822262e+01
-7.601433983248368520e+01
-7.872026486285500368e+01
-7.810951270629387011e+01
-7.648501297788683928e+01
-1.039938548395612372e+02
-9.944796365223146495e+01
-8.390503700108244800e+01
-5.941038678874824086e+01
-6.457839979686008292e+01
-6.361761080135647717e+01
-8.051554764002065667e+01
-9.357064645804862835e+01
-8.030720707919078905e+01
-9.794372690233764445e+01
-8.962089154402157476e+01
-8.309279552742458463e+01
-7.883824535818416734e+01
-9.203624455830323825e+01
-8.814561066310515969e+01
-5.444668106900158477e+01
-3.148429505328110167e+01
-5.020640422898054567e+01
-2.119229232980026723e+01
-2.887004596296071668e+01
-1.807903103297863368e+01
-1.183816548210009501e+01
-9.372483082033369328e+00
7.015241001026112144e+00
-1.762740797312034147e+00
-2.803656903118894661e+01
-2.858160655525685456e+01
-6.261710397210124768e+01
-4.067203683583070983e+01
-2.978515646938981831e+01
-4.121975575041517459e+01
-5.242418348665047745e+01
-7.051904967405037894e+01
-8.409705179892759475e+01
-1.029990312732245314e+02
-9.282031148437106083e+01
-8.131556327437303366e+01
-6.820505283746965119e+01
-7.391663224552212341e+01
-7.939068092539737620e+01
-6.725377251092766073e+01
-6.014109268251328899e+01
-5.372669410913314891e+01
-2.335980768100094451e+01
-2.526950987958650785e+01
-4.498337025964170266e+01
-5.029146416950392506e+01
-1.256815202620572336e+01
-6.687581632821405719e+00
-3.564096196798146821e+00
-6.449885364606274152e+00
2.185505581044822065e-01
-4.805809608137167288e+00
-2.931170392521838153e+01
-3.968881394107910410e+01
-8.198613419659974966e+01
-1.130967071490671714e+02
-1.128504945098445376e+02
-1.113723065872874542e+02
-1.038274552764513601e+02
-6.082352650778210545e+01
-7.638004275532806275e+01
-7.593406517622582896e+01
-6.535800534333391454e+01
-5.047409416969925644e+01
-6.618848654875398552e+01
-9.784563804331489223e+01
-1.043162651335549640e+02
-1.266992118331093877e+02
-1.273019887602177960e+02
-1.056199348032136385e+02
-9.050890885115732942e+01
-5.662769210167598999e+01
-5.427654936989790713e+01
-5.120226380294828061e+01
-6.201214094578068625e+01
-8.849707778979124839e+01
-8.583046957499954033e+01
-3.112196326301338445e+01
-1.251880502963354047e+01
-7.491277448752640566e+00
-1.321007914167813624e+01
-4.151818143192861044e+01
-5.945316342852754588e+01
-5.162735196902893620e+01
-4.883845780298074146e+01
-5.041702685540255402e+01
-4.034411076200893831e+01
-5.662552276464943191e+01
-8.242376981906375022e+01
-1.019357642403350184e+02
-9.558441689314587109e+01
-7.171608398020916297e+01
-6.244885170413485298e+01
-6.120384970954344794e+01
-6.317602170928444139e+01
-5.986696102590575208e+01
-5.924275840415857886e+01
-6.372524586777217337e+01
-5.248312379040291376e+01
-3.514023649101599744e+01
-2.650185225922732002e+01
-3.110418893901879756e+01
-1.521339792365168364e+01
-9.223726884042122265e+00
-1.382346821146589377e+01
-3.232714798978719273e+00
7.841791727158806680e-01
1.641326817570990215e+01
3.276292550766515888e+01
4.122755353497171882e+01
-7.074354291189962396e+00
1.453469306853017429e+01
1.453390560381200203e+01
1.040634973794396956e+00
-1.018162854103087511e+01
-9.132737957636209103e+00
-1.107055472124775974e+01
-7.185419111991421914e+00
-1.127047526383154263e+01
-2.586852688268513134e+01
-1.529075107511252440e+01
-3.877656245907672883e+00
-1.510717786359577985e+01
-3.654933347097883711e+01
-5.765934023304744471e+01
-5.657687224906574386e+01
-6.633351696281512488e+01
-8.677086099511922157e+01
-6.414905775012981337e+01
-3.413706032906452492e+01
-1.580460841503310121e+01
-2.523398052710274442e+01
-2.603298054994070299e+01
-3.158473684446073548e+01
-4.978354822525353995e+01
-5.177724546463967670e+01
-3.324492720253419975e+01
-2.725719922078093305e+01
-2.495666041723671924e+01
-2.888283684878447843e+01
-2.543586662356250372e+01
-1.095493909168925484e+01
