0.000000000000000000e+00
0.000000000000000000e+00
0.000000000000000000e+00
0.000000000000000000e+00
0.000000000000000000e+00
0.000000000000000000e+00
0.000000000000000000e+00
0.000000000000000000e+00
0.000000000000000000e+00
0.000000000000000000e+00
0.000000000000000000e+00
0.000000000000000000e+00
0.000000000000000000e+00
0.000000000000000000e+00
0.000000000000000000e+00
0.000000000000000000e+00
0.000000000000000000e+00
0.000000000000000000e+00
0.000000000000000000e+00
0.000000000000000000e+00
0.000000000000000000e+00
0.000000000000000000e+00
0.000000000000000000e+00
0.000000000000000000e+00
0.000000000000000000e+00
0.000000000000000000e+00
0.000000000000000000e+00
0.000000000000000000e+00
0.000000000000000000e+00
0.000000000000000000e+00
0.000000000000000000e+00
0.000000000000000000e+00
0.000000000000000000e+00
0.000000000000000000e+00
0.000000000000000000e+00
0.000000000000000000e+00
0.000000000000000000e+00
0.000000000000000000e+00
0.000000000000000000e+00
0.000000000000000000e+00
0.000000000000000000e+00
0.000000000000000000e+00
0.000000000000000000e+00
0.000000000000000000e+00
0.000000000000000000e+00
0.000000000000000000e+00
0.000000000000000000e+00
0.000000000000000000e+00
0.000000000000000000e+00
0.000000000000000000e+00
0.000000000000000000e+00
0.000000000000000000e+00
0.000000000000000000e+00
0.000000000000000000e+00
0.000000000000000000e+00
0.000000000000000000e+00
0.000000000000000000e+00
0.000000000000000000e+00
0.000000000000000000e+00
0.000000000000000000e+00
0.000000000000000000e+00
0.000000000000000000e+00
0.000000000000000000e+00
0.000000000000000000e+00
0.000000000000000000e+00
0.000000000000000000e+00
0.000000000000000000e+00
0.000000000000000000e+00
0.000000000000000000e+00
0.000000000000000000e+00
0.000000000000000000e+00
0.000000000000000000e+00
1.661362343056859459e+01
-1.141931220030716077e+01
3.898513077436405183e-01
-2.587355862582739974e+00
7.129586756087832100e+00
3.837852240385444702e+00
4.677698402781004461e+00
-1.438030180341371533e+01
1.570932810141229652e+01
1.426745392308532701e+00
-3.856796389041505790e-01
-4.359652282822310099e+00
3.153870863239831124e+00
-9.324678817540331011e+00
6.807823661650900249e-01
8.234003432109716414e+00
-5.053414090017270155e+00
1.188148118403506714e+01
-1.667061643453450870e+00
-1.030306253970877606e+00
-6.305820811190017139e+00
-6.791571404795917033e+00
-9.950480220457023961e+00
7.951952169205185328e+00
7.000489343646449925e-01
-1.196649781081362107e+01
-1.438609051659807392e+01
1.226886737542116634e+00
1.157509318559019107e+01
-4.807409536051068244e-01
4.306151718659066319e+00
8.649928445889827344e-01
-1.982333742895491469e+00
-4.086429302665237628e+00
-2.815439578061671000e+00
-2.330359683986500841e+00
-7.490752617446503336e+00
3.143427755379661903e+00
-6.132961188117832307e+00
-4.351779336814189492e+00
7.556241101018599693e+00
1.211230257071065353e-01
-7.287835832174494044e+00
-1.481202448852258158e+00
3.171537681775021156e+00
-5.338267017897180722e+00
-1.919750716308840310e+00
-1.915389212889778037e+00
-1.622572577354532086e+00
3.654421978778344737e+00
2.704903499994486538e+00
-3.510686911099242025e+00
-4.180606141563060874e+00
6.409888351025756492e+00
-4.889578588699095008e+00
-1.099895264188432975e+01
2.791087643083073999e+00
-3.508168862486996886e+00
1.159191812854260206e+00
1.358577608340939946e+01
-1.571798577335243863e-01
-3.838434330057339139e+00
-4.697493550385956951e+00
7.849998012245350765e+00
1.409409308092421043e+00
-2.815104763515535069e+00
-7.276581746741953793e+00
-1.866597841111058642e+00
4.562505037476455527e+00
-7.799709801012284061e+00
1.262054965031364873e+01
5.655671542141931241e+00
-9.401117350601111866e+00
1.429827559895159084e+00
9.417023666195944998e+00
-6.926371333188086510e+00
-6.586363597147823157e+00
1.142747770208819702e+01
1.823358911604373134e+00
-1.046091628986727073e+01
6.093300838521429341e-01
9.115938479579256182e+00
4.338291642442669627e+00
-1.066074978674464546e+00
5.244510949426114621e+00
-8.199194051419055995e+00
3.318426641851317527e+00
-2.859867817697022474e+00
-6.734212676849438139e-02
8.824790997419171390e+00
-9.590430553943747327e-01
2.559339802697166988e+00
-1.629469702083235916e+01
1.276511528221675462e+00
-3.236528377284344060e+00
-1.097475377272587593e+00
-8.049247112502200707e+00
-8.919908699623192661e+00
-8.657842270817127428e+00
4.473285655819410067e+00
-1.107757605436830772e+00
-8.657424293259310843e+00
1.460471605873428302e+01
-2.120979058809300000e+01
-6.456228903859624779e+00
2.995644116594519346e+00
-9.136990773037581448e+00
-1.293625797022599500e+00
4.837026766432188651e-01
1.631073717553903180e+00
-1.177376524912318700e+00
1.582409891147790404e+00
1.981044503593807349e+00
5.595212318570844445e+00
-1.273510190462900482e+00
-6.765661044138880698e+00
1.004265539344152103e+01
-6.638032749713545400e+00
4.800721418599721346e+00
-2.024708370373275557e+00
-7.340547694358605213e+00
4.570300021173750338e+00
-2.958600036639325026e+00
8.473293367972985379e+00
7.557936809803237566e+00
3.504192123061045550e+00
6.709870338013473656e+00
4.517361558690367929e+00
4.297206551791191487e+00
-8.065715762272702705e-01
-2.454350608914296572e+00
1.834107390541134919e+00
4.919726577780295429e+00
8.364251800168801765e+00
-8.541607091648415917e+00
-2.718621542139800340e+00
1.222974796921675988e+00
-5.877115512406561493e+00
1.031393928748514099e-01
6.863257398433660228e+00
-4.312370458599787071e+00
-1.004684304759737756e+01
-1.828784214239618677e+00
8.861030028226650757e-01
2.648376471601920912e+00
-8.649327412262294956e+00
-6.397597484678982482e+00
-9.279118996910227679e+00
6.342557421701059184e+00
-3.196583481464784882e+00
4.135981579168173994e+00
-2.184205793907835869e+00
-4.882990197494677886e+00
2.498228289610437969e+00
1.357229670185114401e+01
-1.569568657152512969e+01
1.483419476996476760e+01
-9.339035330589126715e+00
-1.225482586800438867e+00
-3.949536804422052683e+00
-1.400853578424732859e+01
9.062243568900498758e-01
-5.342601538093674662e+00
-3.432447588809452554e+00
-2.156545753414320643e+00
5.505949258771352106e-01
-3.859817018887497397e+00
-4.710069919303975894e+00
-1.502617797565392266e+00
1.011671317839159201e+01
9.943233572793815256e+00
-3.028271076165879094e+00
-7.033821136384347028e+00
-7.207133664217423075e+00
-2.124747414381147337e+00
-3.427101680954933727e-01
-2.987492095567915840e+00
4.318590379899660547e+00
-8.389853182372576157e+00
-4.436787955321563004e+00
-2.550713899645216998e+00
-3.281268778820248144e+00
1.083891207605518048e+01
7.673857136559263381e-01
-5.281286327265831915e+00
4.751054194118466967e+00
-7.936232599588777248e-01
-8.191644901153409819e+00
-5.940038223669944273e+00
9.655638948731734672e+00
-9.736460726598352267e+00
-1.082822334657623742e+01
-4.136284633873515304e+00
-1.354073840850426791e+01
-1.288823657104956055e-01
4.839097768725565629e+00
3.740790233764130335e+00
4.715397070267016488e+00
2.910272463604940185e+00
-4.204071932248211851e+00
6.788673584884151069e+00
1.568680467479140361e+01
-4.390133902855126280e+00
-1.125717720064199057e+01
4.637271143336050727e+00
5.518220640643079378e+00
8.659826567194727431e+00
-5.907512046102453951e+00
-8.041059955186398156e+00
-4.729872048224535774e+00
3.668237293271857880e+00
-4.231871658694842608e+00
-2.558601159200463826e+00
-2.090305428965422152e+00
-1.675751579314135142e+01
8.236459009381803753e+00
-4.789895033100435739e+00
8.941895313174256898e+00
1.524327829820254010e+01
-1.051291630682973732e+01
4.101929806117794897e+00
9.222804798021371653e+00
5.150291054074955355e+00
6.160750627180448191e+00
-2.438061879331087312e+00
7.796443597861440367e+00
2.019674431824171279e+00
-7.426668342283704760e+00
-7.297200505345472266e+00
8.852563434694502575e-01
2.277355046647642212e-01
1.950726754182426248e+00
-2.881705208259063511e+00
-7.600386059152782536e+00
8.907267270295278649e+00
8.790331241849003163e+00
-5.992820438452213239e+00
7.559869952944893612e+00
5.996190307628239680e-01
4.883388679127591558e+00
-3.623447257350505879e+00
8.151931111208142511e+00
-4.430097234959930574e+00
3.793648705954524303e+00
3.968650190476836315e+00
-1.025114105099305561e+01
-2.931993704303636150e+00
5.990218090877618806e+00
-8.122566110871701994e+00
4.036006869557382970e+00
5.755861587803906332e+00
-3.773165182588911648e+00
-2.385062312144697216e+00
2.692232253356252158e+00
1.275039664464208045e+01
-1.786398866116115869e+00
-1.899187200871722325e+00
5.045608828836918747e+00
8.661988888661085184e+00
4.166867311173518829e-01
3.301906257534596989e+00
-4.115239564285161578e+00
2.842666957622213886e+00
5.431508600810502685e+00
9.658251215673203660e-01
5.105106122795319834e+00
-8.390128627106605563e-01
3.007488626236352047e-01
1.189772140077297991e+01
-1.074592704475458049e+01
8.702401739761569388e+00
-4.815836782766552915e+00
-8.648438372523798989e-01
2.198272177304545494e-01
-4.906666884689656172e+00
-5.845916235899267122e+00
-2.728148979511161087e+00
-7.398988785830056258e+00
2.126025370691365879e+00
5.584763011666666443e+00
-4.165093125022679033e+00
2.604207371482516464e-01
-1.266208509565106510e+01
-2.923150147461797133e+00
-3.725500238428395505e+00
-8.860105435355478676e+00
4.677183107947087137e-01
-2.512103349772132788e+00
7.923641119034869007e+00
-1.462246940206256340e+00
-3.868098915834309537e+00
-2.714399523184539476e+00
-3.971845990713291030e+00
6.844008797886147022e+00
-4.219422890047042074e+00
1.003096581410915178e+01
-4.181788874799394762e+00
-1.125379304700612693e+01
-1.434851174740543911e+00
6.343370313442790120e+00
1.320176358661277050e+01
-1.809066175437465063e+00
2.540340975541596436e+00
-1.919494090189459712e-01
-5.035198833997469592e+00
1.260925450218735477e+00
-1.456078080980205414e-02
4.821389530231101617e+00
-5.221586821554637936e-01
-3.826342066913923645e-01
-4.121003584974062051e+00
3.813057967482279764e+00
-3.621006010644407525e+00
6.211262367899053061e-01
2.448867117174785335e+00
4.073123778843097398e+00
1.106759882609213719e+01
-2.306820252824024919e+00
-9.623505101459926436e+00
7.105505447573307265e+00
-1.099024951649369086e+00
-7.923544426680621200e+00
-4.485504640235973284e+00
-9.979125009024528481e+00
1.859438034378968041e+00
1.235987825110677818e+01
4.503738087244755661e+00
2.816693657764744785e+00
-1.438158750610654124e+00
-1.244732386227167353e+01
-7.910534960958671036e+00
-1.064399169970329240e-01
8.414993717177480903e+00
-2.745854718125826821e+00
5.258052132358983499e+00
-1.582122965519658919e-01
-2.829246527837000258e+00
2.032064921906112431e+00
2.129774530918666642e+00
-1.114412632827031757e+01
-4.659168132213210356e+00
-7.915887284486473163e+00
-6.324952419064572950e+00
4.443080228389533204e-01
8.663503203634178362e+00
-8.081674513801601734e+00
1.882515636334574083e+00
6.587594110650911716e-01
2.781114475012543608e+00
-9.676024146041271479e+00
-2.815380643285010365e+00
1.916946915942276064e+00
6.144116453955433599e+00
-1.096158469288752713e+01
-1.519147837448258542e+00
-1.381454794813134868e+01
2.651790483901066864e+00
-4.075982063853501813e+00
-1.200348703785493854e+00
3.388637781194745457e-01
8.088059197834724046e+00
-3.336862276557610585e-01
8.453876616215779904e+00
-6.984877483422792466e+00
-6.073651881245325512e+00
3.313497158987360081e+00
-5.372080075416988620e+00
-1.069980694785812148e+00
3.935306590171819607e+00
-8.715877599447964030e+00
-3.306915938661148857e+00
-1.076397421952606237e+00
1.308255367582478357e+01
9.016015808999298997e+00
9.810981813380919903e+00
5.740143390915875443e+00
-3.336616001751508520e+00
-2.677479078676356039e+00
-2.665278938098424533e+00
2.327650518493499021e+00
2.293271984078728565e+00
2.222150130149771030e+00
-6.480637147627078321e+00
-1.925455498568112489e+00
6.607843852152711861e+00
2.468415491359479574e+00
2.111827195917271638e+00
-9.164817082679917348e+00
-2.831896967266800402e+00
-4.136482460694054453e+00
6.004686386570369905e+00
-5.350763339609557079e+00
-3.918264688958856823e-01
9.631576520204646386e+00
-6.382098216886561204e+00
6.939432349767599817e+00
-7.425761756872390151e+00
1.953757005226691490e+00
-3.029881964210687784e-01
3.566148622230372212e+00
8.604036270728045110e+00
1.165460128640614812e+01
-3.863218246866040317e+00
-5.799104121371954079e+00
-9.236369849261450327e+00
-2.429740191930989113e-01
-5.195084948026590155e+00
8.094373903847696283e+00
-3.670115197906881122e+00
-5.590944198827287437e+00
-4.478581979719052697e+00
-4.514010768120527928e+00
-5.379667063877349165e+00
6.450552542169106118e+00
6.503438910134917705e+00
-3.933598859573180562e+00
-4.444146690520653920e+00
-4.346306508712132199e+00
-2.729726463688564309e+00
1.337506577083880188e+01
-3.452323557673281584e+00
-8.163436160948094766e+00
-4.119425487379828610e-01
-5.859459711722365682e-01
-6.747059851751600945e+00
2.486988564183292283e+00
-3.057007510642165471e+00
1.404797611812799119e+01
7.226195791779673527e+00
-4.167220097730819361e-01
-2.527927871131765869e+00
-1.611222800561478152e+00
-3.371217546869161197e+00
-4.883118673386093178e-01
1.677244174942586596e+00
1.229904986418267754e+01
-6.366796600116941818e+00
-3.177645990956818878e+00
-4.635348923718254355e+00
8.339618676676337827e+00
3.165717443240509965e+00
-1.323299823888265792e+01
-4.612905673127016826e+00
-2.773966892578727084e+00
1.990393125428511212e+00
7.543689410889072633e+00
-1.168210058563505527e+01
4.460077736537556348e+00
5.018345749877340722e+00
2.123117953773061117e+00
-1.141444443287244326e+01
6.490780870191713348e+00
-1.525578586577398710e+01
-6.058424033411512255e+00
4.100415019078127443e+00
-1.970526872415661046e+00
3.819728321455727382e+00
2.135722313450713727e+00
7.698170302343726235e+00
9.532614963573678324e+00
5.049877039016053004e+00
-5.026239189862224066e+00
-2.487549209147744023e+00
7.901910540641665648e-02
9.382390455668200957e+00
-2.119567630817982717e+00
-7.905288509482602421e+00
-1.229023286646480528e+00
-5.349307245375456432e+00
-9.178497445809057353e-01
2.519812890032312680e+00
-2.533312562973549120e+00
-6.163715723773179889e-01
6.729684398997250128e+00
-1.087367629034679339e+01
-2.018192976863815602e+00
-3.280165085973408168e+00
3.337845621396553497e+00
-2.475739561754096485e+00
-2.638118029363226924e+00
-5.505674026817729327e+00
-4.084477396610054711e+00
6.150816813537517191e+00
2.107071089035343903e+00
5.579234051807645756e+00
-1.013783574622652850e+01
5.010699507274580355e+00
2.273079996657315860e+00
3.117220831362942590e+00
-1.575472219861495660e+00
-6.325346380716723615e+00
-1.137300766783698691e+01
5.173233507219777039e+00
-6.131293665487930866e+00
7.429754631358065353e+00
7.814469617022723469e-01
7.468123681491078969e-02
1.199184440244778216e+01
-1.622238291218195627e+00
-4.963359544067913021e+00
-1.007201180057762713e+00
-4.820281154077576957e+00
-4.472322119525983908e+00
-6.628288308706601129e+00
9.241022606379942772e-01
-7.096321251016149745e+00
8.361260111812981677e+00
4.770551340410094099e+00
-6.191044755081122730e+00
6.608588424340695155e+00
-9.807352086129299096e+00
-3.340622262722462210e+00
-9.071926182259005600e+00
-6.580093076128804341e+00
-5.875788740915993458e+00
1.623173651775374537e+00
4.021721738835907445e+00
-2.034221852468846237e+00
-2.839536107833652068e+00
1.813354244005324745e+00
1.724343065608053394e+00
6.062121171184003288e+00
2.722183377493905709e+00
-1.615789071558765500e+01
-1.011457902581628332e+01
7.934125581350713219e+00
-1.122601020383649484e+01
9.336863568487387965e-01
-1.273887299228846359e+00
5.693401153308599305e+00
-7.457664098820231402e+00
5.696471761204662698e+00
9.868647386327324966e-01
-8.107108618515496801e+00
-1.532048846810056375e+00
1.477137918217152901e+00
4.178529385998615453e+00
-4.657416169430121045e+00
-9.138433324709239969e+00
-8.364196174252185756e+00
-1.403752632880895135e+00
-8.246766747724336710e+00
-6.184135862598765243e-01
-1.876522117990560901e+00
5.112233406811938607e+00
-1.108142658615005871e+01
-2.395940283581694530e-01
2.820584775691060031e+00
1.012026121550056246e+01
-1.303556049154508401e-02
-3.875178398671039304e+00
-5.367504553977596515e+00
-6.942911535371905529e+00
-6.640170060343365321e+00
-7.391555814517431600e+00
-1.030107380178218079e+01
-5.237960692576280053e+00
-1.120175825754402865e+01
-1.700841717345895177e+01
-4.761452232611475210e+00
-1.838392642868200255e+00
-9.937793639703784265e+00
-7.152877493017513189e-01
-2.665240038974900472e+00
-5.644659070439956849e+00
8.352903741848592745e+00
3.722687554046927971e+00
1.231062665309332260e+01
7.225417484447092420e+00
4.111284938653255949e+00
1.131313420330400277e+00
-5.045439219689683341e+00
7.417776874584376401e+00
-9.182188783970133272e+00
2.775028182682774514e+00
6.001506095418164932e+00
5.498413900496814222e+00
1.250337204672044322e+01
2.322681897573204424e-01
-1.308802866475673454e+00
1.416035180738700205e+01
2.937514611133963172e+00
3.848682553408707463e+00
1.753101926460999493e+00
-3.198652827935347887e+00
2.337155979031990682e-02
1.295727498953701229e+01
1.523653914289758404e+01
4.652971475528687506e+00
-5.308309317882162759e+00
-1.658244043510023857e+00
-9.168634846129720017e+00
1.364850157973833689e+01
-1.422544389475234539e+00
-2.417160949791309577e+00
1.160799969412903465e+01
5.503801322930144124e+00
-1.075730127304308326e+01
-7.118059900046432631e+00
4.628014832223641406e-01
6.189175005883299718e+00
1.002605369269423363e+01
8.712733187276938907e+00
3.338718107816703196e+00
7.699632999953138324e+00
1.104726130053848010e+01
-6.430340006393805652e+00
3.293778559797772232e+00
-4.019714131136140622e+00
4.119254429111435911e+00
1.905632674404671434e+00
1.073836922806890470e+01
2.188869861671776107e+00
4.260022606235025933e+00
-3.274599104243065995e+00
6.565402090106061905e+00
-1.108396487344370485e+01
7.720681720135416981e+00
7.750891382319906597e+00
6.179369127147424479e+00
1.504993680909819886e+01
-3.839716166685377630e+00
-4.127575724683765657e+00
-1.551480871464690381e+00
3.838004989526069721e+00
-5.877496149920602875e+00
-1.372600165987506671e+00
4.415788836749101165e+00
-2.248621872825253831e+00
4.269312853003953023e+00
-1.692203405891388002e+01
-9.048688569317562269e+00
1.920655692556067606e+00
-1.571531874272056939e+01
-4.582337150723304831e+00
-4.212920322822867547e+00
1.672504554974281632e+00
-4.134250202970036980e+00
-6.218847731019394587e+00
2.326469295637423329e+00
1.974373173813717131e-01
6.629611555278813739e-01
4.414397339558604472e-01
9.134484241323519882e+00
-1.600298013575411460e+00
-2.772465585842581959e+00
1.449011436220075666e+00
6.228948595713404757e+00
-2.948124864155289515e+00
-2.741457204872432385e+00
2.108789524197845822e+00
1.911747403138946311e+00
-9.125888330160194073e+00
-1.174402679887865020e+01
1.075593429417835978e-01
4.271559078539155507e+00
4.269674130137730117e+00
-4.772538268256255378e+00
-1.512426504157247109e+00
-8.130351819951926018e+00
4.485665168597563479e+00
8.423679552032524498e+00
-1.033354177412758190e+01
-6.383070674212376616e-02
1.248539576749615776e+01
-6.010387452764888394e+00
-2.867706271272282947e+00
-1.575958671685810941e+00
-6.289013885591742792e+00
8.142750407467417517e+00
9.932070681702612092e+00
-2.228458832487746122e+00
-9.237046673889949489e+00
1.003690786828030923e+00
-2.887483456699328599e+00
-1.373781994586846622e+01
1.241074519385068697e+01
-5.536579126312460630e+00
1.047020633013715951e+01
5.996629390934401727e+00
1.266735470135330388e+00
2.140836175572275124e+00
-1.658263052942436389e+01
-8.798828008573366333e+00
-4.805465095238901085e-01
-2.021839617358125452e+00
9.409963696173093695e+00
-1.050241816549808505e+01
-6.129773461193195772e+00
2.446933337482505522e+00
2.825733902413219312e+00
1.259304081169858591e+00
6.984438077160916691e+00
-4.368277036687402415e+00
1.764455214067453426e+00
1.596276120531683773e+00
1.704576394708055886e+00
4.078965202200151907e+00
-1.349959527959526895e+00
-5.288722071902554944e+00
-2.029867159224920670e+00
-1.202834665297075389e+00
3.933193197647369743e+00
-3.780605127651369912e+00
-2.645521773541929633e+00
3.461005574281728059e-01
3.037210514702394448e+00
-4.163958129334758951e+00
-6.278615533348386180e-01
-3.319355792742442191e-01
-1.976698365019160519e-01
2.599058892462608128e+00
4.952346108936268365e+00
4.631615161287129467e+00
3.479943233247269063e+00
-7.481916725756434516e-01
-5.425245175549861187e+00
1.116828096503866163e+01
-2.952142387564720138e+00
5.836176410007453796e+00
9.789082700297910833e-01
-2.619607946265034570e-01
3.609835077664229175e+00
1.279744394968460597e+01
-1.070782529161846242e+01
-1.631699262630490921e+00
-4.068224781203610974e+00
-1.362178257264901049e+00
-2.241137185422417133e+00
9.164746284586925640e+00
-5.502640424450476075e+00
5.961619723208514188e+00
2.024116155783985960e+00
1.382592897900707385e+00
2.136890481067524661e+00
-3.044719307983825729e+00
1.399529265204250805e+00
-4.201330458936979539e+00
1.080686186289071316e+01
9.966431150399444050e-01
2.784159915899721227e+00
-4.976909556416899250e+00
-6.508960570132074963e+00
1.848487023234838489e+00
7.963828341087264562e+00
7.238603119011401077e+00
9.393437064992156138e-01
-3.546394668774155434e-05
1.769259684856763215e+00
9.622392164395705549e-01
4.428405744962589097e+00
-3.896543100070744003e+00
-4.611638324543463341e+00
2.969112660695856221e+00
4.889275524357742597e+00
-5.583575167676997353e-01
6.317917139804421822e+00
5.758872668126571170e+00
1.396467921251979760e+01
4.546301372824530063e+00
-8.189866000457584505e+00
-7.959673723661353506e-01
1.757882047612213228e+00
2.767583071977298914e+00
8.724552735403079851e+00
7.828990297068855853e+00
-2.316178676531023939e+00
1.130902370233155807e+01
1.116107640368790044e+01
2.253524254787009795e+00
-5.305878059185261009e+00
-5.279810139876417452e-02
-4.190075949553886403e-01
2.533002433583590118e+00
1.640005091675442372e+01
-4.041300580725248892e+00
3.867336079176510566e+00
2.147720757563308780e+01
-3.987251742325099713e+00
2.455662411417790736e+00
5.185900579337499039e+00
6.050268870436639190e+00
5.636823453432754150e+00
-2.286602602372340698e+00
1.154801701225665056e+00
-6.591579715706700426e+00
-1.852764911706316298e+00
-2.660808146585168288e+00
-8.700267554373311896e+00
7.330852630387241220e+00
8.602682477044936604e+00
-6.754180609163256577e+00
9.584538102603488596e+00
-4.231451639438432721e-02
7.082530680353443131e+00
-3.834774098583380919e+00
4.037112624577957831e+00
2.598139028750551915e+00
9.127437824067385463e+00
1.633697277773882206e+01
-3.091232250527298220e+00
7.632196953517734528e+00
-1.849403865315764506e+00
-9.908073714321403713e+00
1.753384668887065345e+00
8.902610044591000360e+00
4.497346976122685192e+00
-3.323975038924913861e+00
-5.651633855164561737e+00
1.856118808519113372e+00
-2.061066190746686289e+00
-6.206549019874586293e+00
1.218358934626991186e+00
9.280977437257490692e+00
8.592465208041943470e+00
8.961873456486586065e+00
5.013617856201534551e+00
9.104182181510623195e+00
1.406309582066455732e+00
-2.084430545239456478e+00
-3.124393891312081450e+00
-6.521945674174901342e+00
-8.109486826185275277e+00
1.128910773365899445e+01
1.390326161542503769e+00
2.861033373528869106e+00
-1.445507264950975923e+00
9.265006142461515992e-01
9.352196591429446926e+00
1.098116498624673909e+01
2.626052723214058915e+00
-2.256063716279243181e+00
-4.428248430278927117e-01
2.304870302209565125e+00
1.847039642001902848e+00
-5.211277052762284256e+00
4.107838802008814127e+00
5.833471167665038593e-01
3.911094143374668874e+00
-1.982665932589981139e+00
7.566094274565188016e+00
1.208337566085447179e+00
1.836073743792553614e+00
-1.002215585226343819e+01
-6.601154128465708482e+00
1.624888705952398027e+01
-2.786285781996127753e+00
8.062545480759808925e+00
-5.598410239198869931e-01
4.853397507175827741e+00
-5.549813930566131148e+00
-3.177698334230882438e+00
1.287898284079062705e+00
3.529076350882405677e+00
-1.146946872236156878e+00
-6.504068082982996657e-01
-1.134992307963347002e+01
-1.763893514132035989e+00
8.769952241802428716e+00
-5.012027509972654116e-01
1.677697089121326712e+01
4.828603484665734413e-01
2.135603377730603825e-01
-2.366110469995533094e+00
3.899077084479245059e+00
-2.687490793421716262e+00
6.848157949345932138e-01
-3.903052894696969588e+00
9.074833731324247310e+00
4.213836889829963184e+00
6.830760472253729176e+00
3.214203452244305481e+00
-1.822401209490294605e+00
4.099716987688395875e+00
2.522746592807152410e-01
1.061247995962673940e+00
-2.220706492386938180e+00
8.497465868786946430e+00
-4.124110479124851736e-01
2.356333169689094120e+00
4.643449617933271156e+00
-3.269089767777074940e+00
2.775685096258257545e+00
8.705409523684267015e+00
-4.486918714539712028e+00
5.434764264717728111e+00
7.006393344354762576e+00
-8.185739941545762122e-01
1.372073445270774528e+01
1.888581256792008389e+00
1.967866705088590606e+01
-6.669273849337741922e+00
8.375408206776683073e+00
2.238586280827803421e-01
-1.496280420883067563e+00
-1.076721717931178546e+00
-4.920632832377009436e+00
-6.811537991174191120e+00
-6.098014601082013542e+00
-5.850272599675520269e+00
-5.902898819132786912e+00
-1.867050525430329344e-01
1.177542306834880037e-01
5.505755154007914598e+00
-1.547309571468076683e+00
-1.140576596719824920e+01
-3.410164931601116223e+00
2.299374877852500276e+00
-4.711298678494699743e-01
-4.299232035543752772e+00
-3.800194576670662627e+00
-8.813365731314689810e+00
-2.690774263082715834e+00
-2.646193230905055316e+00
9.359851615233139910e+00
4.941712311488771547e+00
4.395484671647608366e+00
-5.944543273831072838e+00
5.968611018318199513e+00
-4.243549210764228974e+00
5.829349723746929612e+00
6.872151626243322653e+00
-2.426406752799948663e+00
3.125964515894821716e+00
-5.261748463193583802e+00
2.534361651562079487e+00
5.865764427178049800e+00
8.757445380106219091e+00
8.282514800859189563e+00
6.085906493043694354e+00
5.753825420408588798e+00
4.855939527882355833e+00
-5.737749425136030368e+00
2.626504328474652539e+00
-1.079185810709273596e+01
-2.541113840385662570e-01
-3.260100606092635189e+00
5.927683501344347405e-01
3.590620930884995232e+00
-2.293334085258379673e+00
4.227056613765654447e+00
3.662594535460840461e+00
-7.634596030707740510e+00
-3.575773755580627267e+00
3.223344213290147309e+00
5.162303028027366736e+00
-2.369703631351853801e-01
9.415834055010350312e-01
5.312362441945253977e+00
6.850914699353722881e+00
-8.478308698805449239e+00
2.425978958169082489e+00
6.830869647258623445e+00
6.358441651159978392e+00
-8.285425368940195767e-01
-2.621137559518274429e+00
-7.519679661381474034e+00
-1.011460945263877420e+00
-2.077958182503550688e+00
2.997201668721800161e+00
-8.373758982791855487e+00
-8.395100502239444040e+00
-2.991971601283495374e+00
6.959339616545122453e+00
-3.025230437673485540e+00
-1.772245708302648382e+00
-2.062799524813243579e+00
3.896704814694942343e+00
-7.958122929076580476e+00
6.941407175610834202e-01
1.815656807379923521e+00
5.251002913606868105e+00
-1.426439363038826968e+01
-6.353787623163128728e+00
9.415869651967199161e+00
1.106018661563183514e+01
5.006656833290662689e+00
-4.651800951347127011e-01
1.158344276175029108e+01
8.286713658526309700e+00
5.152532666440947651e-01
-1.301711899019682050e+01
-1.067671638004782153e+00
2.009390201542657906e-01
-1.060176665340847535e+01
4.028962173609045294e-01
9.653258479684467375e+00
-8.815971926628662914e-01
1.389400763595205035e+00
-1.796371349746351598e+01
4.144766427764579930e+00
-4.276713317240989909e+00
9.823561754031373994e+00
6.149151500705443141e-01
-2.538300500139200722e+00
-1.722607214098900386e+00
-3.201168481380307185e+00
-3.081393437474503116e+00
-1.543576126926316761e+01
-1.522351889816636117e+01
-6.539976048244227513e+00
-2.157777305990478567e+00
-2.413542272179455495e+00
-6.084288358704412758e+00
6.859424358912576736e+00
5.007549628823511512e+00
1.281115700691600523e+00
-1.656408068247003484e+00
5.931160333940113105e-01
4.348570023986980004e+00
-6.756527641485490676e+00
-3.606157063442594790e+00
-4.632516157283248504e+00
2.134492873490017928e+00
-9.326412006081454820e-01
8.923102485069733802e+00
5.302021329356051638e+00
1.343367870266604314e+01
2.866856560568180612e-01
-8.530670905519514235e+00
-2.775525958931552850e+00
6.769889115297274884e+00
-2.034175739082996870e+00
-1.375922092562007037e+00
1.028042118437952013e+00
-3.342554935855844178e+00
4.757184681798094061e+00
-1.577103815718933788e+01
-5.086123026893005772e+00
6.272727370359234556e-01
-1.804728618471415302e+00
-8.054372866050130142e+00
-6.331618116922641093e+00
-1.272583060500056718e+01
1.199310137957006361e+01
-6.846357237817471741e+00
1.125720863552948003e+01
3.189566994182769122e+00
1.298378062649541675e+01
1.874899165413086166e+01
3.344422378712692989e+00
-7.761840279700777501e+00
9.137332295946976046e+00
-4.209223158118732044e+00
3.284448678676142208e+00
6.472533126615246601e+00
3.425895793540917111e+00
5.957870210945884537e+00
-1.053434372754708193e+00
-6.089090524582729813e+00
-7.713263101029440350e+00
5.348704126495960054e+00
-5.088920498340598897e-01
-2.512932757366399983e+00
-5.309069377883076868e+00
-2.206617533613041360e+00
1.491389348391490444e+01
-5.927841522724037304e+00
-2.282643761500253277e+00
9.371360042420889158e+00
-1.060745578391447452e+00
1.057530744712721571e+00
1.520507762284154296e+00
7.497500462722427983e+00
-4.048900269650147266e+00
-9.308777690964518570e+00
-5.776028212694313879e+00
5.507646939833023225e+00
1.134610641357326699e+01
7.748144296677025977e+00
-2.127217922593445110e-01
3.930887749094324590e+00
8.823644650072822060e+00
-1.243786247042214654e+01
-7.932106523461726511e+00
-8.812827248239216260e+00
-5.727153218887792718e-01
-1.904502004906021284e-01
-4.399762462498188142e+00
-3.757755160236911252e+00
-1.088329169317603373e+00
-2.315813955144676584e-01
-8.425130707885671200e+00
-8.692609537746591286e+00
1.221533592774903809e-01
6.755097254524116579e+00
-6.655311412122756565e+00
-1.544289454412165696e+00
2.337140723316963431e+00
-1.239313925646001735e-02
-7.135960556344684846e-01
-8.228891783101943247e+00
-3.454072774201222273e+00
2.610249305205343262e-01
1.315343703311316403e+01
1.954669616780535080e+00
3.471178241289067046e+00
-7.503168742895525156e-01
-9.039319192554472693e+00
-1.531589686288725716e+00
-6.066950662019792162e-01
3.845832463337075069e+00
-6.108089335786587526e+00
1.090837473358112675e+01
8.154185381986565062e-01
1.169528095099417442e+01
-1.599387643849709661e+01
-8.365006262532972414e+00
-1.772958219003669456e+00
-5.571677631325229640e+00
-7.198117684962682006e+00
1.642100213204315651e+00
-1.028458330188158243e+01
1.560851683814519220e-01
-5.940052634297131817e+00
7.292633613907099743e+00
1.174306006619701748e+00
-4.740496610088683838e+00
-3.930169146937373625e+00
-2.657969783501869188e+00
2.875950417841835360e+00
-5.845116229279483377e+00
3.076299548505375014e+00
-1.453893713505027563e+01
3.822044677956910164e+00
5.313106333319410624e+00
1.700812435679807777e+00
1.393326397118954674e+01
-8.129821229615799894e+00
-2.815161079867749550e+00
-2.820786109250576601e+00
-1.999658652362768407e+00
-7.691776172169824122e+00
-3.502592939748637946e+00
-3.917845440907314014e+00
4.225140977841931544e+00
-4.468769178544476972e+00
-5.887314826514256083e+00
-1.330258079675303406e+00
5.452592333863123031e+00
4.955645601038156656e+00
7.456837403168435685e+00
2.390856823651944296e+00
8.992357870153000476e-01
-5.113559685857467230e-01
-3.393631779608142551e+00
7.129557137169996395e+00
-2.171371113875323999e+00
8.718672534216125314e-01
-2.223812748348564128e+00
-2.729580933571355672e+00
-3.474244612494260309e+00
-9.475557667410299700e+00
1.513214079698627756e+00
-1.185121116040929223e+01
-8.804883770385544040e+00
-2.490066133048628672e+00
1.076677253019255431e+01
1.013234437926496412e+01
-1.167690439168811167e+01
-8.379329343669326136e-01
-3.310659476357955100e+00
1.511568766064334568e+01
1.779969306982707167e+00
6.162976066528159436e+00
-9.294208279184175581e+00
3.612248264305492285e+00
-1.303179523858119637e+00
3.333598405617522076e+00
7.097785925932925011e+00
2.136440523301303074e+00
-1.015022065082149538e+00
1.279298757896327743e+01
-6.251572449118611985e-01
2.653038948314076606e+00
1.844822955273798470e+00
3.638502416386643290e+00
1.350624010411604559e+01
-5.455470703722028247e+00
-5.293793728510536312e-01
-5.094518282435160472e+00
4.267027873646924263e+00
-7.062660768434199099e+00
1.951092161898174027e+00
1.194038959911455322e+01
-8.641692130801231997e+00
1.722357922780190620e+00
1.177865470343732568e+01
2.602782650982192081e+00
-5.016661083448497038e+00
-7.230932858452831624e+00
-1.077325746118617644e+00
2.594489928644037491e+00
-4.577815909320975152e+00
-1.553826333621981348e+01
8.559747150532444948e+00
1.003600723316128551e+01
-5.030447109782755888e+00
-1.465453480125427177e+01
1.262418172228024105e+00
2.456071954120801593e+00
-1.219375185597186828e-01
-6.324307995095892920e+00
-1.019623825235299819e+01
1.197969641942847829e+00
-3.561623864859882360e+00
-4.341555689293215892e+00
-2.134075201202449534e+00
8.773976964783543053e+00
-2.697107320067942737e+00
6.224697969492666516e+00
-1.589184061927369385e+00
2.418805014302733980e-01
1.435949335215894962e+00
-4.085946433655436749e+00
1.849466318711222357e+00
1.261738956331495842e+01
3.231845699685322870e-01
-7.076864369502970931e-01
-1.951864930910005569e+00
-7.174549720450329460e-01
1.201219276846416051e+00
4.720021909699198659e+00
-2.068156926350354752e+00
-1.459642380509762916e+00
-1.725133702471168817e-01
-1.160094926301667329e+00
-8.622499219820127792e+00
-2.832522277178981085e+00
-6.980973214160712814e-02
1.006735267434652314e+01
1.615977838626599805e+01
3.992636973295049074e+00
1.381052334293713102e-01
-1.716901828971083432e+01
-4.833921056491647050e+00
6.173629887748148803e+00
-3.409504083690251264e-01
-1.880406439344142200e-01
-8.129328923591856437e+00
6.436012464560747048e+00
-4.347288879639990000e+00
3.029579949186398835e+00
-1.197786978628354859e+01
-5.982518449520114245e+00
-5.831266549784118070e+00
-2.124143048601837336e+00
-7.055912310253575015e+00
1.112529393322176929e+01
7.054134487164020584e+00
6.741817199671004346e+00
2.267706377365925619e+00
-4.576075834485209270e+00
-1.850684549245158905e+00
1.315010801072787672e+00
1.305846220492099974e+00
-9.274008751188148381e+00
1.891349704105522278e+00
-8.787829546365344413e-01
8.360669540997946569e+00
4.321128905494248329e+00
1.759946793175316770e+00
-1.092065453115603191e+01
-6.934074814992015945e+00
6.429107143779845046e+00
1.994327319599966586e+01
-4.058364564517944473e+00
1.147598381337161300e+00
-6.917802461150472482e+00
2.571161938423927040e+00
-8.138193749854963244e+00
4.106715452079527040e+00
4.658775518812888095e+00
1.601412349274880853e+00
1.008412361129359169e+00
2.955371479087801845e+00
-4.475167564655464503e+00
3.372919727855276051e+00
4.909028052327414571e+00
5.241534366468840744e+00
-2.454345554937759744e+00
1.632412265016682795e-01
-3.975573812335369439e+00
-4.332914166237173959e-01
5.021086571137573173e+00
2.262618832006268121e+00
-1.333532543739039511e+00
-5.320126780254355481e+00
-2.007752931019695097e-01
-2.347748001276869445e+00
-1.557938826463441728e+00
-4.117561888097867495e+00
-1.633206381225960513e+00
-9.163306879140748151e+00
5.780620659546599427e+00
-1.955878224002418619e+00
-6.309391921404767345e+00
3.384939601850106783e+00
6.695824084427897560e+00
4.594798376610356172e-01
-4.047933059920580945e+00
3.235693584106456910e+00
-4.266164029512481193e+00
-1.805486815120559640e+00
-5.983689586815330586e-01
2.636365615345141578e+00
7.186179443524849830e+00
5.191655380978545509e+00
7.149805938484803391e-01
8.525844004589089309e-02
2.865745884885427586e+00
-3.398803327838891164e+00
5.862492557595487597e+00
-7.247301027692856223e-01
4.435556412966889184e+00
6.746046971264263448e+00
-4.258023392661527851e+00
-3.940720232520391164e+00
-1.652122069322541620e+01
1.098672071614060997e+00
1.255338298158594057e+01
1.657208041916476304e+00
2.886760977339918099e+00
1.877594482606980364e+00
4.607363396861643423e+00
-5.891505282615582928e+00
1.171664456052772607e+01
1.071896532052213047e+01
-5.144158343687820434e+00
1.145728091949536065e+00
-7.742599637852720207e+00
-2.025147658382451255e+00
7.472821397195048121e+00
-5.613997538211492611e-01
1.147406550655375668e+00
-5.251121028510965516e+00
-3.892666523214131757e+00
8.724849838942617453e+00
1.090960600706435457e+01
-4.437731009324863862e+00
2.478292625798076187e+00
-6.613065582684555466e+00
2.486934952269820087e+00
-2.682970400603011285e+00
-1.403000490575851700e+01
5.483122510293014784e-02
-2.698558658298537694e+00
2.130142759462898994e+00
3.633794546277499649e+00
-3.770860999426020044e+00
-1.306537762352962773e+01
1.244928931407736172e+01
-7.511888277835794270e+00
3.489694724413539006e-01
-2.470220846891834299e+00
-3.463215250549154689e+00
-4.672495139823183763e+00
5.666047998922067563e+00
-4.686181684299413064e+00
-1.173585917524064826e+01
-7.959040684650631192e-01
6.193341553428695079e-01
7.048160024606545448e+00
9.181438734213401176e+00
-8.928029990416916917e-01
-1.512838160677065957e+01
9.521655445049589161e+00
2.180686419209280302e+00
2.070713301832142861e+00
-9.798535908173107600e+00
-2.499372045088534833e+00
-2.206909636127619478e+00
5.260261221264443066e+00
-1.165050170190545487e+01
1.384167612967701189e+00
1.710899691656629784e+01
7.941043317936731682e+00
-1.009287529355069069e+01
3.544265687578842972e+00
-1.422744317978640538e+00
1.095049801711735427e+01
5.366525264924462135e-01
-3.578493619248092728e+00
-1.853781011283587077e+00
-4.211303674580904044e-01
-1.950069869597484740e+00
-5.430766467292812649e+00
1.177100430309138801e+01
-9.755083947918706144e+00
-1.097196703901758497e+01
-3.093917997591972835e-01
1.367354059960035784e+00
8.897971707606586733e+00
-9.327057597566295044e-01
-8.113943731885910893e+00
-6.317487647244888649e+00
7.005006114424702446e+00
-6.836573841633395432e+00
-9.030109509983503813e-01
8.588779554541417838e+00
4.849137511487839447e+00
-7.277181246890734201e+00
-7.947958125700353094e+00
-2.061147428763365497e+01
-2.961079144385792006e+00
-1.135107268643643863e+01
8.304629960691443102e-01
-1.477596976249031968e+00
8.051600026949444100e+00
-6.432496149682833675e-01
5.925262487530460476e-01
-6.036439837499187888e+00
1.012194812513916986e+01
3.554168685446029485e+00
-8.882386945110710030e+00
-8.064838716113797545e+00
-1.083426460003627767e+01
2.976666686258397476e+00
-4.989425278694227472e+00
-2.032356632932561524e+00
-9.871002322361732695e-01
-6.939727235168902553e+00
-4.514447511352045694e+00
-4.846535489101952976e+00
1.895801530399401713e+01
2.176548762705775175e+01
-9.271701676184420648e-01
9.362037160065824537e+00
7.889918900997372475e-02
1.050008363370579900e+01
1.788573714372887480e-01
3.958818519003102665e+00
1.049469919924376882e+00
2.703461375531759359e+00
-2.083348695165511799e+00
1.659756082849270342e+00
-9.093464129839389898e+00
1.245263034690702852e+01
-1.312490490282988276e+01
2.781326642778367386e+00
-2.207960055248349818e+00
-7.861304513476142120e+00
-2.702650710534754808e+00
-8.488096513930457832e+00
5.852235286224356514e+00
2.373956591015883077e+00
3.852158995724295210e+00
-1.004651409107907511e+00
-3.957032482065301338e-01
4.616579473797685296e+00
-7.716651086778085755e-01
6.500811937277632069e+00
-3.693751992111117488e+00
9.488569899757806070e-01
-6.708618421674145793e+00
-8.822451291911590943e+00
2.765569678600115822e+00
-4.849806383037361002e+00
2.538356107260909766e+00
-5.633187933238872347e+00
-3.887397193975687060e+00
2.275568250689275374e+00
8.006453858837971893e-01
-7.462039202933823390e+00
4.961890580001977469e+00
-1.592423169428030860e+00
7.156289602165429642e+00
-1.094145975878322474e+01
3.317712394721581859e+00
8.205247821249429307e+00
-7.291504950126750373e+00
-5.441645230675192124e+00
1.413746149212187220e+01
1.757451688172864124e-01
-1.778430732136172310e+00
-4.526282740554250950e+00
-5.510341863393904305e+00
-3.888939339600938183e+00
-5.453891131825656657e+00
-5.432933655309511778e+00
-6.252431047221023164e-01
-2.774130315153058746e+00
-2.054430643021891001e+01
-1.185850345806979078e+01
-3.891746363795107300e+00
-8.813815478031159500e-01
-1.009867917761772560e+01
1.017504868940119422e+01
-3.131948916882421940e+00
7.092507380928509519e+00
4.835821915019721473e+00
-6.856179547784137185e+00
-2.777194193956432855e+00
7.587670537838050677e+00
-3.370602811618425676e+00
-8.631367110240546481e-01
-1.173230644951132717e+00
-4.772694576422509272e-01
9.840692356585208245e+00
3.383258209345797241e+00
-7.272192393567763702e+00
-6.565474384127583107e-01
1.072549803827462256e+01
3.619065370569501283e+00
-1.012211101049899753e+00
-4.974036900772063063e+00
-5.380918814014933105e+00
-2.085433681751140966e+00
3.786644791575298541e+00
1.028409854653529010e+01
-9.604088236136306023e+00
-1.340974620486434787e+00
-6.413794029695907284e+00
-6.340462046039334609e+00
7.001485775049047788e+00
7.597601508429136175e+00
-3.903548548796266005e+00
1.303232245211347617e+00
-4.416242903882221071e+00
1.282074204731600275e+00
6.626697852506140407e-01
-2.130677378957500423e+00
-6.262246467312593268e+00
-3.130850531846874674e+00
-7.441292880435867119e+00
3.431642730751860881e+00
-1.297399127283227926e+00
3.612288213740072251e+00
1.858102953159090021e+00
-8.843340969188290046e+00
-6.434076626778448826e-01
-4.937270176480865302e+00
3.470389043854140709e-01
1.166220449722715102e+00
-4.285197952924590936e-04
6.157551108899497194e-01
-7.608960883303865330e+00
9.940699147525151602e+00
8.230591927483430936e+00
2.711680937529763469e+00
2.597121884406874415e-01
-9.946057390973635393e+00
6.584272217647310299e+00
-3.283705852970626893e+00
-1.018445611806521356e+01
-4.023281344493426559e+00
-8.483198503407436419e-01
-5.085105018545647226e+00
-1.983167802789864709e-01
3.890637032478650781e+00
-1.807917531468063999e+00
2.195598774740659564e+00
-7.134078713047841802e+00
-3.993381794139821750e+00
-9.036841833612299979e+00
6.342820769125694369e-01
-4.220471979266164908e-01
2.581100222475348005e+01
1.265296192633357464e+01
9.114487626550499044e+00
-7.106886696727769959e+00
-2.459203308085875506e+00
4.475187736674200778e+00
4.213744097248422804e+00
-1.093388915068311462e+01
-5.459165007556805449e+00
3.704088346980086044e+00
4.616990111862804724e+00
-4.737430592186342437e+00
8.483080899582091661e-01
4.520306397274168830e+00
-6.239240419471911991e-01
2.146557536528291621e+00
1.214944075429286841e+00
6.555456646837569679e+00
-6.515643631406248915e+00
2.157417009837558908e-02
4.324313329063159017e+00
-1.079910840839261255e+00
5.054361382846082051e-01
1.017473956656090195e+00
1.123984940527134313e+01
-1.948633620677071576e+00
3.692936136645414535e+00
-3.473707045855917386e+00
-4.895702428068375411e+00
1.030027119161252358e+01
-8.580410311729224304e+00
-1.236394677915669149e+01
8.511326132784660103e+00
8.907570441481510670e+00
4.866127705847759444e+00
-1.075062491591398839e+01
1.748679626760832662e+00
-3.057187681315667760e+00
-1.447469381430221347e+01
-5.774224892110453311e-01
-1.333618365446599796e+01
4.631287071788989351e+00
8.634097953973878248e-01
-1.165858472579500926e+01
-8.199885781536238483e+00
1.423907747977750660e+00
-7.154834632132008210e+00
2.801101877883894531e+00
3.995848009646181254e-01
8.642937563646341914e+00
-4.854485599420200970e+00
-3.644145100632840695e+00
-2.254394663670041155e+01
1.612081066048943967e+00
9.162126541556574466e-01
1.710447985279051863e+01
1.611727417308145505e+00
-3.309330933497278693e+00
-4.972434783496908040e+00
-7.496382096301488218e+00
-5.195018481309347180e+00
5.097892355595405434e+00
8.330087267139987262e+00
-6.824976622064866660e+00
-1.539489872356966771e+00
-4.821121596110145902e+00
4.173314549176069477e+00
-3.518169068734380289e+00
3.288086598279960526e+00
-1.727559722759650640e+00
-1.237543308289872357e+00
7.243489804416469724e-01
1.454715474259276675e+01
-2.038892738922015724e-01
3.906085630701539912e+00
-1.030744979281286078e+01
-1.051645983656527505e+01
9.282150648885021837e+00
-2.141790865038416314e+00
-2.397681100249627661e+00
8.340205543855574888e+00
-2.682110426519557222e-03
5.511040073741838796e+00
-5.272611351003291702e+00
-1.082794566031566319e-01
-5.117122598149478563e+00
-1.410298085849174754e+01
-1.059701881605383278e+01
2.538766878350969591e+00
1.300126074610793125e+01
-9.557812755656868831e+00
5.062151012981729536e+00
-2.576085403566992227e+00
-7.615395908864059038e+00
-7.909150779410111909e+00
-1.503739379406732724e+01
9.937063292993400410e+00
-1.211978201904649666e+01
-2.381752289112654353e+00
8.643941982207877572e+00
-1.118713107608883206e+01
4.499977776390267081e+00
-1.095804128898799945e+01
-6.856153834823430770e-01
-1.199426033518534496e+01
-2.317853450807831450e+00
-3.486354379297608830e+00
1.390735443342805411e+01
9.887049557080160866e+00
-4.290935121025540866e+00
-1.460753163310926084e+00
-5.071254078292440681e+00
-3.237903902433714620e+00
-2.237096311930912407e+00
4.066947549926140937e+00
1.252958951436681900e+00
5.452487561188547716e+00
2.633254632143518847e+00
6.637725385980900228e+00
2.237147725892015160e+00
7.402314937388553062e+00
-1.204500954430599791e+01
-5.950764897661969144e+00
6.260738590216277544e+00
4.515985021741585115e+00
2.195688069349444049e-03
-4.589650962901657749e+00
-1.316678132402353185e+01
-4.921099880415624739e+00
-6.949512933041177121e+00
-8.102159152975161760e+00
9.240951479909242039e+00
1.355773617369828798e+01
8.349236650303453189e-01
-7.773887078868256140e+00
8.567142660954232269e-01
-3.524582222805349829e+00
1.401849606974860762e+01
3.370434513213353966e+00
-3.094132316198511035e+00
-4.340591698286175415e+00
6.038200467367829560e+00
1.099594466014167438e+01
7.200273669217608585e+00
1.316464706060227741e+01
-4.294920195638951554e-01
-6.772045466761852595e+00
-3.031142148164747141e+00
1.007636884201994576e+01
1.561396146932565898e+00
3.935425866886532731e-01
2.389366799450101553e+00
2.000865256227967848e+00
-8.145291919550913917e+00
5.679290563101545786e+00
5.457915704590504902e+00
4.715908243616127038e-01
-2.054262235710382356e+00
-8.545094421857015732e+00
-5.861346913606070075e+00
-3.176099991610499274e-01
-2.314196611198980236e+00
1.608060211395101646e+01
4.143462202452894871e+00
4.468013642168671140e-01
1.465355866925534656e+01
1.429765305403773823e+01
4.358936246353891875e+00
6.093355332688474846e+00
-1.067680780356897685e+01
-1.259248028969523148e+00
2.744984735319860647e+00
1.647641790317550203e+00
-2.716090407045612665e+00
3.277356639735756971e+00
-3.050984893992250591e+00
-1.018960714612407514e+01
-2.345144905084566744e+00
-7.744060782203803228e+00
7.525623015726068843e+00
7.828815745106965096e-01
3.594326256475653736e+00
8.653581006774402340e+00
-4.261922181926763642e+00
1.435398935017957456e+01
1.056100662463586559e+01
6.832432447127416708e-01
7.483842151122928499e+00
-7.308116151565968721e-01
-7.317536249656598102e+00
-6.541488211998540692e+00
-7.072688137667455521e-01
-3.641354033336710927e+00
-6.836114613042326482e+00
3.631851654277397756e+00
2.688668881315066983e+00
1.258187744917520945e+01
8.403788695679395460e+00
5.497090870668444040e-01
-2.686046573696614814e+00
-2.985147919745884337e+00
1.989740406845470488e+00
-2.015666071201593468e+00
-3.557559913101556504e+00
3.259380716034456782e-01
5.432324384051611332e+00
-4.990534333536430722e+00
3.805832039245927945e+00
5.581480365576283020e+00
4.020703606043696254e+00
3.969262708849129240e+00
2.907308272971363294e+00
6.646862090279796575e+00
-4.059648940354833258e+00
2.798634995340876230e-02
-7.292192012238132293e+00
2.468042072809453202e+00
1.350049830879362389e+01
4.160248631472768466e+00
-3.582882256451682679e+00
-8.150586865067708686e+00
8.299382383017359643e-01
1.772096588853116828e+00
2.282373155623190542e+00
1.218521299597361462e+01
-6.977047876996209652e-01
-4.485202617780316814e+00
6.939832890710079027e+00
6.925487848241004940e+00
-1.367683742255309198e+00
1.496780102576593663e+01
8.928879700400216279e-01
1.088430776061261440e+01
-2.583416567391452645e+00
-1.937286508916145067e-01
-5.633655396903236579e+00
-4.786174311911963741e-01
-5.043695655087162777e+00
4.928949833181377471e+00
3.583620847294866962e+00
-6.400626412084477579e+00
1.196558422318844350e+01
7.736662755758942467e+00
-4.194522325383957195e+00
-6.305745670333806174e+00
-3.015422221314452145e+00
2.185402970985677484e+00
1.703953477719201715e+01
-2.272366387256511189e+00
-1.597776467065443740e+00
4.387159997584262783e+00
5.989708246443171902e+00
-1.101647597072883400e+01
4.213287614568372419e+00
-3.317912292166340649e+00
-2.719232383690439292e+00
4.573937621794783581e+00
1.810460326637411299e+00
-5.646502252064578897e+00
1.163936419224651786e+01
2.585364548038853627e+00
2.458166984820991274e+00
2.669997765623691066e+00
9.828421443233423815e-01
3.104379541224545846e+00
5.294514943165609111e-01
-6.754116284952260685e-03
-1.134936098555559170e+01
-4.343251790808579926e+00
8.336173115019960278e+00
-3.152624281641408288e+00
6.620988505810771585e+00
6.363989711995742482e+00
2.450090825987643939e+00
-4.161164033748661950e+00
5.750381035255941242e+00
2.383178654022032106e+00
2.879528229939353423e+00
-1.112785810414158050e+01
-6.840896190713323222e+00
1.188829261155490258e+00
2.980171110305406046e+00
3.218258766816575189e+00
-1.866765477344813462e+00
-1.118528129466966448e+01
-1.021617135187668168e+01
-2.560986781933081602e+00
-4.780689196301665334e+00
-8.515233170813047536e+00
-8.898968858665512016e+00
-9.731782862155426983e+00
5.524073318842113167e+00
5.986868141676779942e+00
2.129421281307202207e-01
5.812627019833826125e+00
9.120389106103402810e+00
5.677607629170324799e+00
4.088998513585835326e+00
-1.510998223372354232e+01
-1.540018815334946112e+00
-9.802692612382202242e-02
5.178231675738516060e+00
3.563628003129480248e+00
-1.510237517645219896e+01
7.663246340680018420e+00
1.362536128940337221e+01
1.346915031665275819e+00
1.062781642277485616e+00
2.658213892927449251e+00
-5.096408753611115117e+00
8.364915216299095846e-01
-4.969495201396966877e+00
-4.814641965089208497e+00
-9.417214409349469406e+00
-1.818372072845647835e+00
3.865510710589632026e+00
4.068732838279913722e+00
5.508311815457091143e+00
4.965730748585002630e+00
1.773730767978491940e+00
-1.350243467886684812e+00
4.203436264708557246e+00
-5.452995595233545600e+00
5.504675668556558321e+00
-2.860800439693775843e-01
3.573038470446675774e+00
-3.867148461460999442e+00
-1.031710963650846224e+01
5.145083762701261776e+00
-2.012791506996990165e+00
3.669653037956663866e+00
-7.941595917706536056e+00
-8.270547480779214311e+00
-6.108865312661720282e+00
2.703710604401209139e+00
1.400416958628056818e+00
-9.770818346765253182e+00
1.619898648870048419e+00
8.390863561975265839e-01
-2.224348941548299763e+00
-6.333053184318799822e+00
-8.192719899655003246e+00
-3.435508873491301074e+00
1.823643586536803696e+00
3.649641859990026660e+00
3.058047155438259779e+00
-2.790026006497100752e+00
-4.557881076549222144e+00
2.183813859855376904e-02
-4.079429654352679790e+00
-5.762631474912353724e+00
-2.147854525876795151e+00
-1.422008612892994961e+00
1.261671087223544419e+01
6.091536322969091088e+00
7.704244673053693759e+00
-1.113058718848662920e+00
7.852306047356734098e+00
7.079922870900361431e+00
-1.363949691701748179e+00
-4.432778954703678664e+00
1.996360886540713864e+00
2.907401160578558574e+00
2.495942985807516834e+00
2.832062699309290110e-02
-1.651779125405150239e+01
-1.512007222216652735e+00
-5.431991043218999948e+00
-7.556108440787454583e-01
