2.200000000000000000e+01
3.500000000000000000e+01
4.500000000000000000e+01
6.900000000000000000e+01
7.400000000000000000e+01
7.900000000000000000e+01
7.800000000000000000e+01
6.600000000000000000e+01
4.300000000000000000e+01
3.300000000000000000e+01
3.600000000000000000e+01
3.400000000000000000e+01
3.800000000000000000e+01
3.600000000000000000e+01
2.800000000000000000e+01
6.000000000000000000e+00
-1.900000000000000000e+01
-3.800000000000000000e+01
-4.500000000000000000e+01
-3.500000000000000000e+01
-1.100000000000000000e+01
6.000000000000000000e+00
7.000000000000000000e+00
7.000000000000000000e+00
-2.000000000000000000e+00
-3.000000000000000000e+00
5.000000000000000000e+00
1.900000000000000000e+01
2.600000000000000000e+01
2.500000000000000000e+01
4.100000000000000000e+01
4.600000000000000000e+01
5.200000000000000000e+01
5.000000000000000000e+01
4.700000000000000000e+01
3.800000000000000000e+01
2.400000000000000000e+01
1.700000000000000000e+01
3.000000000000000000e+00
-1.100000000000000000e+01
-1.400000000000000000e+01
-5.000000000000000000e+00
2.000000000000000000e+00
1.100000000000000000e+01
2.800000000000000000e+01
3.400000000000000000e+01
2.900000000000000000e+01
1.800000000000000000e+01
1.600000000000000000e+01
9.000000000000000000e+00
5.000000000000000000e+00
5.000000000000000000e+00
-5.000000000000000000e+00
-1.700000000000000000e+01
-2.900000000000000000e+01
-2.900000000000000000e+01
-1.900000000000000000e+01
-1.000000000000000000e+00
1.700000000000000000e+01
2.800000000000000000e+01
1.900000000000000000e+01
3.000000000000000000e+00
-1.000000000000000000e+00
-1.300000000000000000e+01
-7.000000000000000000e+00
-1.000000000000000000e+00
0.000000000000000000e+00
-1.100000000000000000e+01
-1.200000000000000000e+01
-4.000000000000000000e+00
3.000000000000000000e+00
1.100000000000000000e+01
1.738637656943140541e+01
5.541931220030716077e+01
4.361014869225635948e+01
4.058735586258273997e+01
3.187041324391216790e+01
3.516214775961455530e+01
4.532230159721899554e+01
6.438030180341371533e+01
3.929067189858770348e+01
4.957325460769146730e+01
5.638567963890415058e+01
5.735965228282231010e+01
4.084612913676016888e+01
3.732467881754033101e+01
1.831921763383490998e+01
1.376599656789028359e+01
2.705341409001727015e+01
2.711851881596493286e+01
4.966706164345345087e+01
5.103030625397087761e+01
4.630582081119001714e+01
2.879157140479591703e+01
7.950480220457023961e+00
-2.695195216920518533e+01
-1.370004893436464499e+01
-3.033502189186378928e+00
-1.461390948340192608e+01
-4.922688673754211663e+01
-5.457509318559019107e+01
-2.851925904639489318e+01
-9.306151718659066319e+00
2.013500715541101727e+01
3.498233374289549147e+01
3.208642930266523763e+01
2.081543957806167100e+01
1.633035968398650084e+01
6.490752617446503336e+00
-1.114342775537966190e+01
-5.867038811882167693e+00
-1.364822066318581051e+01
-2.555624110101859969e+01
-1.512112302570710654e+01
-3.712164167825505956e+00
-1.951879755114774184e+01
-2.717153768177502116e+01
-1.666173298210281928e+01
-1.408024928369115969e+01
-1.308461078711022196e+01
-1.237742742264546791e+01
-1.165442197877834474e+01
-7.704903499994486538e+00
4.510686911099242025e+00
4.180606141563060874e+00
-6.409888351025756492e+00
-3.110421411300904992e+00
-9.001047358115670249e+00
-3.079108764308307400e+01
-3.849183113751300311e+01
-4.215919181285426021e+01
-3.358577608340939946e+01
6.157179857733524386e+00
2.183843433005733914e+01
2.169749355038595695e+01
9.150001987754649235e+00
1.459059069190757896e+01
1.981510476351553507e+01
2.127658174674195379e+01
7.866597841111058642e+00
-6.562505037476455527e+00
7.997098010122840606e-01
-6.620549650313648726e+00
1.634432845785806876e+01
3.840111735060111187e+01
2.757017244010484092e+01
2.258297633380405500e+01
3.492637133318808651e+01
3.058636359714782316e+01
1.857252229791180298e+01
3.517664108839562687e+01
4.546091628986727073e+01
3.039066991614785707e+01
2.788406152042074382e+01
3.966170835755733037e+01
5.306607497867446455e+01
5.675548905057388538e+01
6.619919405141905600e+01
4.668157335814868247e+01
4.285986781769702247e+01
3.906734212676849438e+01
3.417520900258082861e+01
5.295904305539437473e+01
6.244066019730283301e+01
6.829469702083235916e+01
2.872348847177832454e+01
1.023652837728434406e+01
-2.902524622727412407e+00
-9.950752887497799293e+00
-2.308009130037680734e+01
-3.834215772918287257e+01
-5.747328565581941007e+01
-4.689224239456316923e+01
-3.134257570674068916e+01
-3.160471605873428302e+01
-1.790209411907000003e+00
-2.554377109614037522e+01
-4.399564411659451935e+01
-4.086300922696241855e+01
-5.170637420297740050e+01
-4.948370267664321887e+01
-3.663107371755390318e+01
-2.682262347508768130e+01
-1.658240989114779040e+01
-3.981044503593807349e+00
8.404787681429155555e+00
1.927351019046290048e+01
2.176566104413888070e+01
9.957344606558478972e+00
2.063803274971354540e+01
1.519927858140027865e+01
2.402470837037327556e+01
2.434054769435860521e+01
1.429699978826249662e+00
1.958600036639325026e+00
-4.473293367972985379e+00
5.442063190196762434e+00
2.849580787693895445e+01
4.529012966198652634e+01
6.448263844130963207e+01
7.270279344820880851e+01
8.380657157622727027e+01
8.245435060891429657e+01
6.816589260945886508e+01
5.808027342221970457e+01
5.663574819983119824e+01
6.854160709164841592e+01
4.471862154213980034e+01
2.777702520307832401e+01
1.587711551240656149e+01
-3.103139392874851410e+00
-6.863257398433660228e+00
1.431237045859978707e+01
2.004684304759737756e+01
1.828784214239618677e+00
-2.886103002822665076e+00
-6.483764716019209118e-01
1.064932741226229496e+01
3.397597484678982482e+00
-5.720881003089772321e+00
-2.934255742170105918e+01
-2.480341651853521512e+01
-1.613598157916817399e+01
1.842057939078358686e-01
2.882990197494677886e+00
-3.498228289610437969e+00
3.427703298148855993e+00
3.769568657152512969e+01
2.316580523003523240e+01
5.333903533058912672e+01
4.322548258680043887e+01
3.194953680442205268e+01
1.700853578424732859e+01
-1.290622435689004988e+01
-2.765739846190632534e+01
-4.056755241119054745e+01
-4.484345424658567936e+01
-4.555059492587713521e+01
-4.114018298111250260e+01
-4.128993008069602411e+01
-3.849738220243460773e+01
-4.311671317839159201e+01
-1.594323357279381526e+01
2.402827107616587909e+01
3.903382113638434703e+01
2.320713366421742307e+01
-3.875252585618852663e+00
-2.265728983190450663e+01
-3.401250790443208416e+01
-4.131859037989966055e+01
-3.161014681762742384e+01
-4.056321204467843700e+01
-5.444928610035478300e+01
-6.071873122117975186e+01
-6.283891207605518048e+01
-3.876738571365592634e+01
-1.471871367273416809e+01
-5.751054194118466967e+00
1.079362325995887772e+01
1.319164490115340982e+01
1.940038223669944273e+00
-1.665563894873173467e+01
-7.263539273401647733e+00
-2.117177665342376258e+01
-4.486371536612648470e+01
-6.045926159149573209e+01
-9.587111763428950439e+01
-1.018390977687255656e+02
-8.274079023376413033e+01
-5.771539707026701649e+01
-2.991027246360494019e+01
-2.795928067751788149e+00
3.211326415115848931e+00
1.431319532520859639e+01
5.339013390285512628e+01
5.825717720064199057e+01
2.736272885666394927e+01
1.448177935935692062e+01
1.834017343280527257e+01
3.490751204610245395e+01
2.304105995518639816e+01
-4.270127951775464226e+00
-3.466823729327185788e+01
-4.076812834130515739e+01
-4.444139884079953617e+01
-4.190969457103457785e+01
-4.224248420685864858e+01
-7.423645900938180375e+01
-6.021010496689956426e+01
-5.194189531317425690e+01
-2.224327829820254010e+01
2.651291630682973732e+01
2.989807019388220510e+01
2.777719520197862835e+01
3.884970894592504465e+01
5.183924937281955181e+01
6.743806187933108731e+01
5.920355640213855963e+01
5.998032556817582872e+01
5.842666834228370476e+01
3.329720050534547227e+01
2.114743656530549742e+00
-1.422773550466476422e+01
-2.095072675418242625e+01
-1.611829479174093649e+01
-1.339961394084721746e+01
-2.290726727029527865e+01
-7.790331241849003163e+00
2.599282043845221324e+01
3.644013004705510639e+01
5.840038096923717603e+01
6.211661132087240844e+01
7.062344725735050588e+01
6.384806888879185749e+01
6.943009723495993057e+01
5.520635129404547570e+01
4.903134980952316369e+01
4.825114105099305561e+01
2.093199370430363615e+01
9.781909122381193811e-03
4.122566110871701994e+00
-1.003600686955738297e+01
-5.755861587803906332e+00
1.277316518258891165e+01
2.038506231214469722e+01
2.030776774664374784e+01
3.024960335535791955e+01
6.378639886611611587e+01
7.289918720087172233e+01
7.295439117116308125e+01
7.833801111133891482e+01
9.058331326888264812e+01
8.569809374246540301e+01
8.611523956428516158e+01
6.615733304237778611e+01
5.256849139918949732e+01
5.203417487843267963e+01
5.289489387720468017e+01
5.883901286271066056e+01
5.369925113737636480e+01
5.010227859922702009e+01
6.874592704475458049e+01
5.029759826023843061e+01
5.781583678276655291e+01
5.286484383725237990e+01
4.578017278226954545e+01
3.890666688468965617e+01
2.784591623589926712e+01
6.728148979511161087e+00
-1.060101121416994374e+01
-3.312602537069136588e+01
-3.258476301166666644e+01
-2.183490687497732097e+01
-2.126042073714825165e+01
-1.733791490434893490e+01
-4.207684985253820287e+01
-5.627449976157160449e+01
-6.413989456464452132e+01
-7.046771831079470871e+01
-6.748789665022786721e+01
-5.892364111903486901e+01
-2.753775305979374366e+01
-7.131901084165690463e+00
-4.285600476815460524e+00
-7.028154009286708970e+00
-1.284400879788614702e+01
-1.780577109952957926e+00
1.969034185890848221e+00
2.618178887479939476e+01
2.825379304700612693e+01
-5.651488252594560890e-01
-1.934337031344279012e+01
-1.420176358661277050e+01
1.380906617543746506e+01
2.845965902445840356e+01
3.719194940901894597e+01
3.603519883399746959e+01
1.673907454978126452e+01
1.301456078080980205e+01
1.417861046976889838e+01
2.252215868215546379e+01
2.838263420669139236e+01
3.212100358497406205e+01
2.318694203251772024e+01
1.862100601064440752e+01
1.037887376321009469e+01
3.551132882825214665e+00
2.926876221156902602e+00
1.393240117390786281e+01
4.530682025282402492e+01
5.762350510145992644e+01
3.489449455242669274e+01
4.009902495164936909e+01
3.592354442668062120e+01
1.748550464023597328e+01
1.979125009024528481e+00
-2.185943803437896804e+01
-2.535987825110677818e+01
2.496261912755244339e+00
3.718330634223525522e+01
5.643815875061065412e+01
5.944732386227167353e+01
3.191053496095867104e+01
6.106439916997032924e+00
-4.414993717177480903e+00
1.274585471812582682e+01
2.674194786764101650e+01
4.315821229655196589e+01
4.882924652783700026e+01
4.196793507809388757e+01
4.287022546908133336e+01
4.514412632827031757e+01
1.965916813221321036e+01
1.915887284486473163e+00
-2.167504758093542705e+01
-4.044430802283895332e+01
-4.166350320363417836e+01
-1.091832548619839827e+01
-1.088251563633457408e+01
-1.658759411065091172e+00
8.218885524987456392e+00
1.767602414604127148e+01
8.153806432850103647e-01
-1.391694691594227606e+01
-1.414411645395543360e+01
-4.038415307112472874e+00
-1.448085216255174146e+01
-1.518545205186865132e+01
-4.265179048390106686e+01
-4.892401793614649819e+01
-5.679965129621450615e+01
-5.533886377811947455e+01
-5.708805919783472405e+01
-3.266631377234423894e+01
-1.445387661621577990e+01
1.598487748342279247e+01
1.507365188124532551e+01
3.686502841012639919e+00
9.372080075416988620e+00
-1.930019305214187852e+00
-4.935306590171819607e+00
1.715877599447964030e+00
-1.569308406133885114e+01
-3.692360257804739376e+01
-4.408255367582478357e+01
-1.501601580899929900e+01
2.118901818661908010e+01
6.225985660908412456e+01
9.033661600175150852e+01
8.467747907867635604e+01
6.266527893809842453e+01
4.467234948150650098e+01
3.670672801592127144e+01
3.177784986985022897e+01
3.648063714762707832e+01
2.592545549856811249e+01
1.339215614784728814e+01
1.453158450864052043e+01
2.488817280408272836e+01
3.016481708267991735e+01
1.283189696726680040e+01
-1.863517539305945547e+00
-1.100468638657036990e+01
3.350763339609557079e+00
5.391826468895885682e+00
1.536842347979535361e+01
3.838209821688656120e+01
3.406056765023240018e+01
4.442576175687239015e+01
3.404624299477330851e+01
2.630298819642106878e+01
1.843385137776962779e+01
2.839596372927195489e+01
5.034539871359385188e+01
8.786321824686604032e+01
9.479910412137195408e+01
8.623636984926145033e+01
4.824297401919309891e+01
2.619508494802659015e+01
6.905626096152303717e+00
1.767011519790688112e+01
1.559094419882728744e+01
5.478581979719052697e+00
-3.485989231879472072e+00
-1.762033293612265084e+01
-2.745055254216910612e+01
-8.503438910134917705e+00
2.093359885957318056e+01
2.644414669052065392e+01
1.934630650871213220e+01
7.729726463688564309e+00
-9.375065770838801882e+00
1.545232355767328158e+01
2.516343616094809477e+01
1.341194254873798286e+01
5.859459711722365682e-01
-6.252940148248399055e+00
-2.048698856418329228e+01
-2.594299248935783453e+01
-3.204797611812799119e+01
-2.226195791779673527e+00
3.241672200977308194e+01
4.852792787113176587e+01
5.161122280056147815e+01
4.537121754686916120e+01
2.648831186733860932e+01
1.632275582505741340e+01
1.470095013581732246e+01
3.936679660011694182e+01
3.217764599095681888e+01
2.063534892371825435e+01
6.603813233236621727e-01
2.834282556759490035e+00
1.523299823888265792e+01
-3.870943268729831743e-01
-1.822603310742127292e+01
-3.599039312542851121e+01
-3.054368941088907263e+01
-4.317899414364944732e+00
-1.246007773653755635e+01
-6.018345749877340722e+00
1.087688204622693888e+01
2.541444443287244326e+01
8.509219129808286652e+00
1.625578586577398710e+01
-1.494157596658848774e+01
-4.210041501907812744e+01
-4.202947312758433895e+01
-3.481972832145572738e+01
-1.913572231345071373e+01
-3.698170302343726235e+00
2.546738503642632168e+01
5.395012296098394700e+01
7.302623918986222407e+01
6.548754920914774402e+01
5.192098089459358334e+01
3.561760954433179904e+01
4.811956763081798272e+01
5.290528850948260242e+01
3.922902328664648053e+01
2.334930724537545643e+01
3.917849744580905735e+00
-6.519812890032312680e+00
-5.466687437026450880e+00
-9.383628427622682011e+00
-8.729684398997250128e+00
9.873676290346793394e+00
-9.818070231361843980e-01
-1.719834914026591832e+00
-3.337845621396553497e+00
3.475739561754096485e+00
5.638118029363226924e+00
6.505674026817729327e+00
-4.915522603389945289e+00
-2.215081681353751719e+01
-1.610707108903534390e+01
-6.579234051807645756e+00
1.113783574622652850e+01
1.989300492725419645e+00
1.272692000334268414e+01
2.288277916863705741e+01
3.457547221986149566e+01
3.832534638071672362e+01
2.737300766783698691e+01
-1.117323350721977704e+01
-1.586870633451206913e+01
-2.442975463135806535e+01
-4.781446961702272347e+00
8.925318763185089210e+00
1.900815559755221784e+01
4.662223829121819563e+01
5.196335954406791302e+01
4.200720118005776271e+01
3.482028115407757696e+01
1.847232211952598391e+01
-3.717116912933988715e-01
-1.592410226063799428e+01
-1.690367874898385026e+01
-2.936126011181298168e+01
-1.477055134041009410e+01
6.191044755081122730e+00
1.391411575659304845e+00
8.807352086129299096e+00
-2.659377737277537790e+00
-1.392807381774099440e+01
-3.541990692387119566e+01
-5.112421125908400654e+01
-5.962317365177537454e+01
-5.202172173883590744e+01
-3.296577814753115376e+01
-1.816046389216634793e+01
-1.981335424400532474e+01
-1.872434306560805339e+01
-1.706212117118400329e+01
1.277816622506094291e+00
1.615789071558765500e+01
-7.885420974183716680e+00
-3.493412558135071322e+01
-2.777398979616350516e+01
-4.093368635684873880e+01
-3.872611270077115364e+01
-3.369340115330859931e+01
-2.454233590117976860e+01
-3.469647176120466270e+01
-2.298686473863273250e+01
-1.389289138148450320e+01
-2.446795115318994362e+01
-2.847713791821715290e+01
-1.617852938599861545e+01
-2.342583830569878955e+00
1.138433324709239969e+00
-1.363580382574781424e+01
-4.259624736711910487e+01
-6.375323325227566329e+01
-8.638158641374012348e+01
-8.512347788200943910e+01
-8.711223340681193861e+01
-6.591857341384994129e+01
-7.076040597164183055e+01
-6.582058477569106003e+01
-5.712026121550056246e+01
-2.298696443950845492e+01
-1.124821601328960696e+00
-2.632495446022403485e+00
-1.805708846462809447e+01
-4.035982993965663468e+01
-6.260844418548256840e+01
-8.769892619821781921e+01
-1.107620393074237199e+02
-1.237982417424559713e+02
-1.459915828265410482e+02
-1.792385477673885248e+02
-1.881616073571317997e+02
-1.780622063602962157e+02
-1.772847122506982487e+02
-1.533347599610250995e+02
-1.293553409295600432e+02
-1.173529037418485927e+02
-8.172268755404692797e+01
-4.931062665309332260e+01
-1.222541748444709242e+01
4.888715061346744051e+00
1.086868657966959972e+01
-3.954560780310316659e+00
-4.141777687458437640e+01
-5.881781121602986673e+01
-9.277502818268277451e+01
-1.090015060954181649e+02
-1.054984139004968142e+02
-8.350337204672044322e+01
-4.523226818975732044e+01
-2.869119713352432655e+01
-3.016035180738700205e+01
-5.937514611133963172e+00
4.151317446591292537e+00
1.324689807353900051e+01
1.819865282793534789e+01
3.976628440209680093e+00
-1.495727498953701229e+01
-5.236539142897584043e+00
2.734702852447131249e+01
3.730830931788216276e+01
1.465824404351002386e+01
-1.283136515387027998e+01
-5.664850157973833689e+01
-5.257745561052476546e+01
-4.658283905020869042e+01
-4.060799969412903465e+01
-1.750380132293014412e+01
6.757301273043083256e+00
-2.881940099953567369e+00
-2.546280148322236414e+01
-4.318917500588329972e+01
-4.002605369269423363e+01
-1.271273318727693891e+01
1.666128189218329680e+01
3.530036700004686168e+01
5.195273869946151990e+01
7.443034000639380565e+01
5.670622144020222777e+01
4.501971413113614062e+01
2.188074557088856409e+01
9.094367325595328566e+00
2.616307719310952962e-01
1.581113013832822389e+01
1.973997739376497407e+01
2.227459910424306599e+01
1.243459790989393809e+01
2.008396487344370485e+01
-3.720681720135416981e+00
2.249108617680093403e+00
2.082063087285257552e+01
3.895006319090180114e+01
6.883971616668537763e+01
7.212757572468376566e+01
5.655148087146469038e+01
3.616199501047393028e+01
2.887749614992060287e+01
1.237260016598750667e+01
5.842111632508988350e-01
-2.751378127174746169e+00
-7.269312853003953023e+00
-5.077965941086119983e+00
-3.795131143068243773e+01
-6.992065569255606761e+01
-6.928468125727943061e+01
-8.741766284927669517e+01
-9.178707967717713245e+01
-8.467250455497428163e+01
-6.886574979702996302e+01
-5.978115226898060541e+01
-6.132646929563742333e+01
-4.819743731738137171e+01
-3.566296115552788137e+01
-2.244143973395586045e+01
-5.134484241323519882e+00
1.960029801357541146e+01
2.377246558584258196e+01
1.555098856377992433e+01
1.177105140428659524e+01
1.394812486415528952e+01
7.741457204872432385e+00
8.912104758021541784e-01
-2.911747403138946311e+00
-3.874111669839805927e+00
-2.425597320112134980e+01
-5.010755934294178360e+01
-6.327155907853915551e+01
-5.226967413013773012e+01
-2.722746173174374462e+01
-1.748757349584275289e+01
-1.486964818004807398e+01
-3.148566516859756348e+01
-2.342367955203252450e+01
-5.666458225872418097e+00
-1.293616929325787623e+01
-1.648539576749615776e+01
7.010387452764888394e+00
1.867706271272282947e+00
-6.424041328314189059e+00
-1.171098611440825721e+01
-3.414275040746741752e+01
-2.593207068170261209e+01
5.228458832487746122e+00
2.023704667388994949e+01
3.996309213171969077e+00
-1.112516543300671401e+00
-7.262180054131533780e+00
-3.941074519385068697e+01
-2.146342087368753937e+01
-1.447020633013715951e+01
1.500337060906559827e+01
3.773326452986466961e+01
5.385916382442772488e+01
5.758263052942436389e+01
1.679882800857336633e+01
-2.451945349047610989e+01
-4.097816038264187455e+01
-4.440996369617309369e+01
-1.849758183450191495e+01
-1.787022653880680423e+01
-3.344693333748250552e+01
-3.882573390241321931e+01
-3.325930408116985859e+01
-1.898443807716091669e+01
5.368277036687402415e+00
5.235544785932546574e+00
1.440372387946831623e+01
2.129542360529194411e+01
2.592103479779984809e+01
3.534995952795952689e+01
3.528872207190255494e+01
1.802986715922492067e+01
1.202834665297075389e+00
-7.933193197647369743e+00
-5.219394872348630088e+00
-1.435447822645807037e+01
-2.534610055742817281e+01
-2.603721051470239445e+01
-1.883604187066524105e+01
-1.637213844666516138e+01
-7.668064420725755781e+00
-8.023301634980839481e-01
-5.990588924626081280e-01
6.047653891063731635e+00
2.236838483871287053e+01
3.352005676675273094e+01
4.474819167257564345e+01
4.742524517554986119e+01
3.383171903496133837e+01
4.595214238756472014e+01
4.216382358999254620e+01
5.302109172997020892e+01
5.026196079462650346e+01
4.439016492233577083e+01
4.520255605031539403e+01
7.170782529161846242e+01
5.563169926263049092e+01
4.406822478120361097e+01
2.936217825726490105e+01
1.624113718542241713e+01
6.835253715413074360e+00
2.750264042445047608e+01
2.703838027679148581e+01
3.697588384421601404e+01
4.661740710209929262e+01
5.386310951893247534e+01
5.504471930798382573e+01
4.760047073479574919e+01
4.820133045893697954e+01
3.719313813710928684e+01
5.000335688496005560e+01
6.021584008410027877e+01
6.797690955641689925e+01
5.250896057013207496e+01
2.715151297676516151e+01
1.703617165891273544e+01
3.176139688098859892e+01
5.206065629350078439e+01
7.000003546394668774e+01
7.223074031514323678e+01
7.003776078356042945e+01
6.557159425503741090e+01
7.189654310007074400e+01
6.461163832454346334e+01
4.403088733930414378e+01
4.111072447564225740e+01
4.455835751676769974e+01
3.968208286019557818e+01
4.524112733187342883e+01
5.703532078748020240e+01
8.345369862717546994e+01
9.618986600045758451e+01
8.179596737236613535e+01
6.124211795238778677e+01
4.723241692802270109e+01
4.127544726459692015e+01
5.717100970293114415e+01
7.231617867653102394e+01
6.469097629766844193e+01
7.883892359631209956e+01
9.674647574521299020e+01
9.730587805918526101e+01
7.105279810139876417e+01
4.941900759495538864e+01
2.246699756641640988e+01
1.059994908324557628e+01
4.004130058072524889e+01
4.113266392082348943e+01
3.652279242436691220e+01
6.598725174232509971e+01
6.454433758858220926e+01
5.181409942066250096e+01
4.594973112956336081e+01
4.336317654656724585e+01
4.328660260237234070e+01
2.884519829877433494e+01
1.959157971570670043e+01
-2.147235088293683702e+00
-2.633919185341483171e+01
-4.329973244562668810e+01
-6.833085263038724122e+01
-6.160268247704493660e+01
-3.824581939083674342e+01
-3.558453810260348860e+01
-1.195768548360561567e+01
-4.082530680353443131e+00
1.783477409858338092e+01
2.096288737542204217e+01
3.040186097124944808e+01
3.087256217593261454e+01
4.866302722226117794e+01
8.209123225052729822e+01
7.536780304648226547e+01
6.884940386531576451e+01
4.590807371432140371e+01
4.246615331112934655e+00
-1.990261004459100036e+01
-6.497346976122685192e+00
9.323975038924913861e+00
9.651633855164561737e+00
-6.856118808519113372e+00
-1.393893380925331371e+01
-2.279345098012541371e+01
-3.621835893462699119e+01
-3.028097743725749069e+01
-5.592465208041943470e+00
2.603812654351341394e+01
6.098638214379846545e+01
8.289581781848937680e+01
9.559369041793354427e+01
8.808443054523945648e+01
7.012439389131208145e+01
4.452194567417490134e+01
1.110948682618527528e+01
-2.428910773365899445e+01
-1.239032616154250377e+01
-3.861033373528869106e+00
9.445507264950975923e+00
1.507349938575384840e+01
1.864780340857055307e+01
3.801883501375326091e+01
7.437394727678594109e+01
1.002560637162792432e+02
9.744282484302789271e+01
8.669512969779043488e+01
8.215296035799809715e+01
8.121127705276228426e+01
6.489216119799118587e+01
6.041665288323349614e+01
5.208890585662533113e+01
4.398266593258998114e+01
3.143390572543481198e+01
3.979166243391455282e+01
4.016392625620744639e+01
4.302215585226343819e+01
2.560115412846570848e+01
1.075111294047601973e+01
3.878628578199612775e+01
5.393745451924019108e+01
7.955984102391988699e+01
8.114660249282417226e+01
7.954981393056613115e+01
6.017769833423088244e+01
4.271210171592093729e+01
2.847092364911759432e+01
2.914694687223615688e+01
2.665040680829829967e+01
2.434992307963347002e+01
-8.236106485867964011e+00
-2.676995224180242872e+01
-1.649879724900273459e+01
-1.177697089121326712e+01
2.751713965153342656e+01
4.578643966222693962e+01
5.136611046999553309e+01
3.810092291552075494e+01
4.268749079342171626e+01
3.431518420506540679e+01
3.090305289469696959e+01
1.892516626867575269e+01
3.178616311017003682e+01
4.116923952774627082e+01
5.178579654775569452e+01
5.882240120949029460e+01
4.590028301231160412e+01
3.774772534071928476e+01
2.993875200403732606e+01
2.922070649238693818e+01
2.050253413121305357e+01
2.741241104791248517e+01
2.664366683031090588e+01
2.435655038206672884e+01
2.626908976777707494e+01
1.722431490374174246e+01
1.629459047631573299e+01
2.948691871453971203e+01
2.156523573528227189e+01
2.899360665564523742e+01
4.181857399415457621e+01
3.927926554729225472e+01
6.111141874320799161e+01
7.132133294911409394e+01
1.056692738493377419e+02
9.562459179322331693e+01
9.477614137191721966e+01
7.749628042088306756e+01
5.307672171793117855e+01
2.992063283237700944e+01
9.811537991174191120e+00
-2.090198539891798646e+01
-4.214972740032447973e+01
-5.409710118086721309e+01
-6.181329494745696707e+01
-5.711775423068348800e+01
-4.350575515400791460e+01
-1.145269042853192332e+01
4.405765967198249200e+00
-2.589835068398883777e+00
-9.299374877852500276e+00
-2.528870132150530026e+00
2.992320355437527724e-01
-2.199805423329337373e+00
-9.186634268685310190e+00
-3.530922573691728417e+01
-5.035380676909494468e+01
-5.635985161523313991e+01
-3.294171231148877155e+01
-1.039548467164760837e+01
1.694454327383107284e+01
1.903138898168180049e+01
2.924354921076422897e+01
2.617065027625307039e+01
4.112784837375667735e+01
6.242640675279994866e+01
5.887403548410517828e+01
6.126174846319358380e+01
4.346563834843792051e+01
3.213423557282195020e+01
3.324255461989378091e+01
4.971748519914081044e+01
6.891409350695630565e+01
8.124617457959141120e+01
9.414406047211764417e+01
1.017377494251360304e+02
7.937349567152534746e+01
6.579185810709273596e+01
3.225411138403856626e+01
1.326010060609263519e+01
-3.592768350134434741e+00
-1.590620930884995232e+00
8.293334085258379673e+00
7.772943386234345553e+00
1.533740546453915954e+01
2.963459603070774051e+01
2.157577375558062727e+01
1.277665578670985269e+01
2.183769697197263326e+01
4.023697036313518538e+01
4.905841659449896497e+01
5.468763755805474602e+01
6.714908530064627712e+01
7.847830869880544924e+01
5.957402104183091751e+01
5.216913035274137656e+01
5.464155834884002161e+01
6.382854253689401958e+01
6.562113755951827443e+01
6.251967966138147403e+01
3.801146094526387742e+01
2.507795818250355069e+01
2.100279833127819984e+01
2.937375898279185549e+01
1.639510050223944404e+01
-5.008028398716504626e+00
-1.795933961654512245e+01
-1.197476956232651446e+01
-1.022775429169735162e+01
-5.937200475186756421e+00
-5.896704814694942343e+00
9.581229290765804762e-01
-6.694140717561083420e+00
-2.815656807379923521e+00
-2.251002913606868105e+00
8.264393630388269685e+00
-1.664621237683687127e+01
-4.241586965196719916e+01
-3.706018661563183514e+01
-3.006656833290662689e+00
3.046518009513471270e+01
3.941655723824970892e+01
5.771328634147369030e+01
7.648474673335590523e+01
8.101711899019682050e+01
4.406767163800478215e+01
1.879906097984573421e+01
2.601766653408475349e+00
-2.540289621736090453e+01
-3.465325847968446737e+01
-1.211840280733713371e+01
-3.389400763595205035e+00
2.963713497463515978e+00
-3.114476642776457993e+01
-3.972328668275901009e+01
-4.982356175403137399e+01
-2.161491515007054431e+01
5.538300500139200722e+00
1.572260721409890039e+01
1.320116848138030718e+01
1.008139343747450312e+01
1.435761269263167605e+00
-3.377648110183363883e+01
-8.146002395175577249e+01
-1.088422226940095214e+02
-1.165864577278205445e+02
-1.099157116412955872e+02
-9.885942435891257674e+01
-6.800754962882351151e+01
-3.228111570069160052e+01
-4.343591931752996516e+00
1.340688396660598869e+01
1.765142997601302000e+01
2.575652764148549068e+01
1.560615706344259479e+01
-3.674838427167514965e-01
-2.313449287349001793e+01
-2.906735879939185452e+01
-2.592310248506973380e+01
-7.302021329356051638e+00
1.156632129733395686e+01
4.671331434394318194e+01
5.753067090551951424e+01
3.677552595893155285e+01
1.423011088470272512e+01
2.203417573908299687e+01
2.137592209256200704e+01
2.597195788156204799e+01
3.234255493585584418e+01
2.624281531820190594e+01
2.677103815718933788e+01
-8.913876973106994228e+00
-3.762727273703592346e+01
-5.719527138152858470e+01
-6.094562713394986986e+01
-6.666838188307735891e+01
-6.727416939499943282e+01
-8.799310137957006361e+01
-5.815364276218252826e+01
-4.525720863552948003e+01
-9.189566994182769122e+00
1.601621937350458325e+01
5.125100834586913834e+01
9.665557762128730701e+01
1.087618402797007775e+02
8.386266770405302395e+01
7.620922315811873204e+01
4.971555132132385779e+01
3.852746687338475340e+01
4.457410420645908289e+01
4.804212978905411546e+01
5.005343437275470819e+01
4.508909052458272981e+01
2.271326310102944035e+01
-1.034870412649596005e+01
-1.049110795016594011e+01
-4.870672426336000171e-01
1.030906937788307687e+01
5.206617533613041360e+00
7.086106516085095564e+00
3.792784152272403730e+01
4.028264376150025328e+01
3.262863995757911084e+01
4.606074557839144745e+01
4.394246925528727843e+01
4.047949223771584570e+01
4.550249953727757202e+01
5.704890026965014727e+01
4.830877769096451857e+01
2.177602821269431388e+01
-2.507646939833023225e+00
-4.346106413573266991e+00
1.925185570332297402e+01
5.621272179225934451e+01
6.806911225090567541e+01
7.117635534992717794e+01
8.343786247042214654e+01
6.593210652346172651e+01
3.581282724823921626e+01
3.572715321888779272e+00
-6.809549799509397872e+00
-7.600237537501811858e+00
-1.224224483976308875e+01
-2.291167083068239663e+01
-2.676841860448553234e+01
-3.357486929211432880e+01
-4.630739046225340871e+01
-6.012215335927749038e+01
-5.675509725452411658e+01
-3.134468858787724344e+01
-2.245571054558783430e+01
-1.033714072331696343e+01
-4.987606860743539983e+00
2.713596055634468485e+00
8.228891783101943247e+00
-1.545927225798777727e+00
-1.726102493052053433e+01
-2.215343703311316403e+01
8.045330383219464920e+00
2.252882175871093295e+01
3.675031687428955252e+01
3.803931919255447269e+01
1.753158968628872572e+01
-1.393304933798020784e+00
-7.845832463337075069e+00
1.080893357865875259e-01
-9.908374733581126748e+00
8.184581461801343494e+00
1.830471904900582558e+01
4.799387643849709661e+01
2.236500626253297241e+01
-2.227041780996330544e+00
-2.142832236867477036e+01
-3.780188231503731799e+01
-5.364210021320431565e+01
-4.571541669811841757e+01
-5.915608516838145192e+01
-6.205994736570286818e+01
-6.429263361390709974e+01
-4.317430600661970175e+01
-2.425950338991131616e+01
-2.006983085306262637e+01
-1.934203021649813081e+01
-2.587595041784183536e+01
-2.315488377072051662e+01
-2.307629954850537501e+01
-1.246106286494972437e+01
-3.682204467795691016e+01
-3.531310633331941062e+01
-1.570081243567980778e+01
-9.332639711895467372e-01
3.112982122961579989e+01
3.081516107986774955e+01
1.682078610925057660e+01
9.996586523627684073e-01
-9.308223827830175878e+00
-2.049740706025136205e+01
-3.008215455909268599e+01
-3.822514097784193154e+01
-2.453123082145552303e+01
-2.611268517348574392e+01
-3.866974192032469659e+01
-4.845259233386312303e+01
-3.495564560103815666e+01
-1.945683740316843569e+01
9.609143176348055704e+00
3.210076421298469995e+01
4.151135596858574672e+01
4.039363177960814255e+01
2.687044286283000361e+01
3.617137111387532400e+01
2.612813274657838747e+01
2.122381274834856413e+01
9.729580933571355672e+00
-4.525755387505739691e+00
-2.252444233258970030e+01
-4.651321407969862776e+01
-4.714878883959070777e+01
-6.919511622961445596e+01
-8.350993386695137133e+01
-8.176677253019255431e+01
-4.613234437926496412e+01
-3.323095608311888327e+00
-1.162067065633067386e+00
-1.689340523642044900e+00
-1.511568766064334568e+01
1.322003069301729283e+01
3.483702393347184056e+01
5.729420827918417558e+01
3.538775173569450772e+01
2.830317952385811964e+01
1.366640159438247792e+01
9.902214074067074989e+00
1.886355947669869693e+01
3.101502206508214954e+01
3.020701242103672257e+01
5.062515724491186120e+01
6.034696105168592339e+01
6.715517704472620153e+01
6.836149758361335671e+01
7.049375989588395441e+01
9.845547070372202825e+01
9.452937937285105363e+01
8.409451828243516047e+01
6.173297212635307574e+01
5.206266076843419910e+01
2.504890783810182597e+01
1.505961040088544678e+01
3.564169213080123200e+01
2.627764207721980938e+01
2.222134529656267432e+01
4.839721734901780792e+01
6.301666108344849704e+01
5.523093285845283162e+01
3.407732574611861764e+01
2.140551007135596251e+01
2.157781590932097515e+01
1.753826333621981348e+01
-9.559747150532444948e+00
-8.036007233161285512e+00
1.303044710978275589e+01
1.965453480125427177e+01
-3.262418172228024105e+00
-1.645607195412080159e+01
-1.687806248144028132e+01
-5.675692004904107080e+00
-6.803761747647001812e+00
-2.519796964194284783e+01
-3.043837613514011764e+01
-3.065844431070678411e+01
-3.586592479879755047e+01
-3.677397696478354305e+01
-1.130289267993205726e+01
-3.224697969492666516e+00
1.458918406192736938e+01
1.775811949856972660e+01
2.256405066478410504e+01
2.208594643365543675e+01
1.715053368128877764e+01
1.938261043668504158e+01
4.567681543003146771e+01
5.570768643695029709e+01
5.595186493091000557e+01
4.371745497204503295e+01
2.079878072315358395e+01
8.279978090300801341e+00
1.306815692635035475e+01
1.445964238050976292e+01
8.172513370247116882e+00
6.160094926301667329e+00
3.622499219820127792e+00
-1.816747772282101892e+01
-3.193019026785839287e+01
-3.406735267434652314e+01
-9.159778386265998051e+00
3.700736302670495093e+01
7.086189476657062869e+01
7.816901828971083432e+01
3.283392105649164705e+01
-4.173629887748148803e+00
-7.659049591630974874e+00
-1.811959356065585780e+00
3.129328923591856437e+00
-4.436012464560747048e+00
1.347288879639990000e+00
-6.029579949186398835e+00
-2.213021371645140789e-02
-1.701748155047988575e+01
-3.416873345021588193e+01
-5.087585695139816266e+01
-4.494408768974642499e+01
-4.712529393322176929e+01
-1.605413448716402058e+01
1.825818280032899565e+01
5.173229362263407438e+01
6.457607583448520927e+01
5.485068454924515891e+01
4.368498919892721233e+01
3.569415377950790003e+01
3.127400875118814838e+01
6.108650295894477722e+00
8.787829546365344413e-01
-6.360669540997946569e+00
1.167887109450575167e+01
3.224005320682468323e+01
4.692065453115603191e+01
2.493407481499201594e+01
-2.429107143779845046e+00
-9.432731959996658588e-01
4.205836456451794447e+01
5.985240161866283870e+01
7.391780246115047248e+01
5.842883806157607296e+01
4.913819374985496324e+01
2.689328454792047296e+01
2.934122448118711191e+01
3.139858765072511915e+01
3.099158763887064083e+01
2.804462852091219816e+01
3.147516756465546450e+01
2.062708027214472395e+01
2.609097194767258543e+01
4.375846563353115926e+01
5.945434555493775974e+01
6.083675877349833172e+01
6.197557381233536944e+01
5.043329141662371740e+01
3.597891342886242683e+01
4.073738116799373188e+01
4.833353254373903951e+01
4.632012678025435548e+01
3.420077529310196951e+01
3.134774800127686945e+01
2.455793882646344173e+01
1.511756188809786750e+01
4.633206381225960513e+00
-2.836693120859251849e+00
-2.678062065954659943e+01
-2.004412177599758138e+01
-1.169060807859523266e+01
-1.438493960185010678e+01
-9.695824084427897560e+00
1.554052016233896438e+01
2.904793305992058094e+01
2.576430641589354309e+01
2.826616402951248119e+01
1.980548681512055964e+01
1.059836895868153306e+01
3.363634384654858422e+00
1.281382055647515017e+01
3.080834461902145449e+01
4.928501940615151966e+01
5.491474155995410911e+01
5.213425411511457241e+01
4.639880332783889116e+01
3.013750744240451240e+01
3.472473010276928562e+01
3.156444358703311082e+01
3.725395302873573655e+01
5.225802339266152785e+01
5.194072023252039116e+01
3.452122069322541620e+01
-1.209867207161406100e+01
-3.155338298158594057e+01
-1.165720804191647630e+01
5.113239022660081901e+00
2.112240551739301964e+01
3.239263660313835658e+01
3.789150528261558293e+01
2.928335543947227393e+01
5.028103467947786953e+01
8.014415834368782043e+01
7.585427190805046394e+01
6.874259963785272021e+01
4.402514765838245125e+01
1.552717860280495188e+01
1.856139975382114926e+01
2.085259344934462433e+01
2.425112102851096552e+01
9.892666523214131757e+00
-1.724849838942617453e+00
1.609039399293564543e+01
4.443773100932486386e+01
5.052170737420192381e+01
5.561306558268455547e+01
3.951306504773017991e+01
3.268297040060301129e+01
3.003000490575851700e+01
2.945168774897069852e+00
-1.430144134170146231e+01
-2.613014275946289899e+01
-2.363379454627749965e+01
-1.022913900057397996e+01
-1.393462237647037227e+01
-3.644928931407736172e+01
-1.748811172216420573e+01
-2.234896947244135390e+01
-1.352977915310816570e+01
-6.536784749450845311e+00
-4.327504860176816237e+00
-1.666604799892206756e+01
-1.313818315700586936e+00
-5.264140824759351744e+00
-3.120409593153493688e+01
-4.361933415534286951e+01
-4.204816002460654545e+01
-2.218143873421340118e+01
6.892802999041691692e+00
2.712838160677065957e+01
-5.216554450495891615e-01
2.819313580790719698e+00
9.929286698167857139e+00
2.679853590817310760e+01
1.049937204508853483e+01
-6.793090363872380522e+00
-1.926026122126444307e+01
-1.234949829809454513e+01
-2.838416761296770119e+01
-3.010899691656629784e+01
7.058956682063268318e+00
4.109287529355069069e+01
3.745573431242115703e+01
4.342274431797864054e+01
3.604950198288264573e+01
5.146334747350755379e+01
6.057849361924809273e+01
6.085378101128358708e+01
4.542113036745809040e+01
3.295006986959748474e+01
2.343076646729281265e+01
4.228995696908611990e+00
1.675508394791870614e+01
3.971967039017584966e+00
-1.969060820024080272e+01
-3.536735405996003578e+01
-2.989797170760658673e+01
2.932705759756629504e+00
2.711394373188591089e+01
2.131748764724488865e+01
4.994993885575297554e+00
1.383657384163339543e+01
6.903010950998350381e+00
6.411220445458582162e+00
2.515086248851216055e+01
4.227718124689073420e+01
2.994795812570035309e+01
1.161147428763365497e+01
-3.903892085561420799e+01
-6.864892731356356137e+01
-9.383046299606914431e+01
-8.552240302375096803e+01
-7.105160002694944410e+01
-3.735675038503171663e+01
-1.159252624875304605e+01
5.036439837499187888e+00
-3.121948125139169861e+00
1.444583131455397051e+01
3.488238694511071003e+01
2.906483871611379755e+01
4.834264600036277670e+00
-2.797666668625839748e+01
-3.901057472130577253e+01
-5.296764336706743848e+01
-5.801289976776382673e+01
-5.806027276483109745e+01
-6.848555248864795431e+01
-8.115346451089804702e+01
-8.295801530399401713e+01
-4.176548762705775175e+01
2.892717016761844206e+01
6.163796283993417546e+01
9.192110081099002628e+01
8.949991636629420100e+01
9.382114262856271125e+01
8.704118148099689733e+01
7.595053008007562312e+01
5.229653862446824064e+01
3.108334869516551180e+01
9.340243917150729658e+00
-3.906535870160610102e+00
-3.245263034690702852e+01
-1.087509509717011724e+01
-2.478132664277836739e+01
-1.979203994475165018e+01
-1.613869548652385788e+01
-1.729734928946524519e+01
-2.051190348606954217e+01
-2.985223528622435651e+01
-1.437395659101588308e+01
4.147841004275704790e+00
2.600465140910790751e+01
3.539570324820653013e+01
4.038342052620231470e+01
3.877166510867780858e+01
3.449918806272236793e+01
4.169375199211111749e+01
3.705114301002421939e+01
3.270861842167414579e+01
1.782245129191159094e+01
-3.765569678600115822e+00
-1.215019361696263900e+01
-1.953835610726090977e+01
-1.136681206676112765e+01
-1.311260280602431294e+01
-2.227556825068927537e+01
-1.580064538588379719e+01
-4.537960797066176610e+00
-1.196189058000197747e+01
2.592423169428030860e+00
1.084371039783457036e+01
3.494145975878322474e+01
1.968228760527841814e+01
2.179475217875057069e+01
3.229150495012675037e+01
1.744164523067519212e+01
-5.137461492121872197e+00
1.282425483118271359e+01
1.977843073213617231e+01
1.752628274055425095e+01
1.351034186339390430e+01
-5.111060660399061817e+00
-2.254610886817434334e+01
-3.556706634469048822e+01
-4.237475689527789768e+01
-4.222586968484694125e+01
-4.445569356978108999e+01
-7.514149654193020922e+01
-1.091082536362048927e+02
-1.241186184521968840e+02
-1.149013208223822744e+02
-1.111750486894011942e+02
-7.586805108311757806e+01
-6.109250738092850952e+01
-2.783582191501972147e+01
-1.143820452215862815e+00
-3.222805806043567145e+00
-1.358767053783805068e+01
-6.293971883815743240e-01
-4.136863288975945352e+00
-6.826769355048867283e+00
-9.522730542357749073e+00
-1.584069235658520824e+01
-5.383258209345797241e+00
5.272192393567763702e+00
-1.343452561587241689e+00
-1.372549803827462256e+01
5.380934629430498717e+00
2.701221110104989975e+01
3.697403690077206306e+01
2.638091881401493310e+01
7.085433681751140966e+00
-4.786644791575298541e+00
-5.284098546535290097e+00
1.860408823613630602e+01
9.340974620486434787e+00
-2.586205970304092716e+00
-2.865953795396066539e+01
-5.500148577504904779e+01
-4.559760150842913617e+01
-2.109645145120373400e+01
-1.130323224521134762e+01
-5.837570961177789286e-01
-3.282074204731600275e+00
-2.662669785250614041e+00
2.130677378957500423e+00
3.262246467312593268e+00
-1.486914946815312533e+01
-2.855870711956413288e+01
-4.443164273075186088e+01
-3.770260087271677207e+01
-3.361228821374007225e+01
-1.885810295315909002e+01
-5.156659030811709954e+00
-1.835659233732215512e+01
-2.506272982351913470e+01
-3.334703890438541407e+01
-3.216622044972271510e+01
-2.799957148020470754e+01
-1.861575511088994972e+01
-1.239103911669613467e+01
-2.594069914752515160e+01
-1.123059192748343094e+01
1.628831906247023653e+01
3.274028781155931256e+01
3.394605739097363539e+01
9.415727782352689701e+00
6.283705852970626893e+00
-3.815543881934786441e+00
-2.697671865550657344e+01
-4.215168014965925636e+01
-4.991489498145435277e+01
-6.180168321972101353e+01
-5.789063703247865078e+01
-4.519208246853193600e+01
-4.219559877474065956e+01
-3.686592128695215820e+01
-4.400661820586017825e+01
-5.496315816638770002e+01
-7.363428207691256944e+01
-6.757795280207338351e+01
-5.781100222475348005e+01
2.347038073666425362e+00
5.488551237344950096e+01
9.310688669672776996e+01
7.345920330808587551e+01
3.952481226332579922e+01
1.878625590275157720e+01
1.593388915068311462e+01
-9.540834992443194551e+00
-3.070408834698008604e+01
-2.961699011186280472e+01
-1.926256940781365756e+01
-1.684830808995820917e+01
-1.152030639727416883e+01
-3.760759580528088009e-01
-1.146557536528291621e+00
7.785055924570713159e+00
1.944454335316243032e+01
3.751564363140624891e+01
3.197842582990162441e+01
3.167568667093684098e+01
3.707991084083926125e+01
3.249456386171539179e+01
3.098252604334390981e+01
2.976015059472865687e+01
3.994863362067707158e+01
3.430706386335458546e+01
3.647370704585591739e+01
2.789570242806837541e+01
1.069972880838747642e+01
3.058041031172922430e+01
3.036394677915669149e+01
4.488673867215339897e+00
9.092429558518489330e+00
3.213387229415224056e+01
5.175062491591398839e+01
3.425132037323916734e+01
2.905718768131566776e+01
1.747469381430221347e+01
-1.742257751078895467e+01
-2.666381634553400204e+01
-4.863128707178898935e+01
-4.386340979539738782e+01
-3.534141527420499074e+01
-4.480011421846376152e+01
-6.642390774797775066e+01
-6.984516536786799179e+01
-7.580110187788389453e+01
-5.739958480096461813e+01
-3.964293756364634191e+01
-8.145514400579799030e+00
4.644145100632840695e+00
5.543946636700411545e+00
-4.461208106604894397e+01
-6.191621265415565745e+01
-6.010447985279051863e+01
-1.461172741730814550e+01
1.230933093349727869e+01
1.997243478349690804e+01
3.496382096301488218e+00
-2.580498151869065282e+01
-4.909789235559540543e+01
-4.133008726713998726e+01
-1.617502337793513334e+01
-1.346051012764303323e+01
-1.117887840388985410e+01
-2.317331454917606948e+01
-2.248183093126561971e+01
-2.628808659827996053e+01
-1.327244027724034936e+01
-1.576245669171012764e+01
-1.572434898044164697e+01
-1.154715474259276675e+01
2.520388927389220157e+01
3.509391436929846009e+01
4.430744979281286078e+01
2.351645983656527505e+01
-1.528215064888502184e+01
-1.185820913496158369e+01
-6.602318899750372339e+00
-6.340205543855574888e+00
6.002682110426519557e+00
1.048895992625816120e+01
2.527261135100329170e+01
1.910827945660315663e+01
1.711712259814947856e+01
9.102980858491747540e+00
-2.140298118394616722e+01
-5.653876687835096959e+01
-5.900126074610793125e+01
-2.244218724434313117e+01
-1.906215101298172954e+01
-4.423914596433007773e+00
-3.384604091135940962e+00
-2.009084922058988809e+01
-4.196260620593267276e+01
-7.293706329299340041e+01
-6.288021798095350334e+01
-7.661824771088734565e+01
-7.964394198220787757e+01
-5.081286892391116794e+01
-5.649997777639026708e+01
-4.604195871101200055e+01
-5.431438461651765692e+01
-6.100573966481465504e+01
-8.768214654919216855e+01
-9.951364562070239117e+01
-1.019073544334280541e+02
-6.688704955708016087e+01
-2.370906487897445913e+01
-4.539246836689073916e+00
-5.928745921707559319e+00
-2.376209609756628538e+01
-4.276290368806908759e+01
-5.206694754992614094e+01
-5.225295895143668190e+01
-4.945248756118854772e+01
-3.263325463214351885e+01
-2.163772538598090023e+01
-3.237147725892015160e+00
5.597685062611446938e+00
2.704500954430599791e+01
9.507648976619691439e-01
-2.626073859021627754e+01
-2.851598502174158511e+01
-1.900219568806934944e+01
-1.641034903709834225e+01
-2.483321867597646815e+01
-5.407890011958437526e+01
-8.305048706695882288e+01
-9.989784084702483824e+01
-1.142409514799092420e+02
-9.455773617369828798e+01
-5.483492366503034532e+01
-2.922611292113174386e+01
-2.985671426609542323e+01
-3.547541777719465017e+01
-4.301849606974860762e+01
-1.137043451321335397e+01
1.609413231619851103e+01
1.834059169828617541e+01
2.961799532632170440e+00
4.055339858325623936e-03
9.799726330782391415e+00
2.583535293939772259e+01
5.442949201956389516e+01
6.077204546676185259e+01
3.703114214816474714e+01
1.892363115798005424e+01
2.943860385306743410e+01
3.260645741331134673e+01
3.361063320054989845e+01
3.299913474377203215e+01
3.014529191955091392e+01
3.320709436898454214e+00
9.542084295409495098e+00
1.952840917563838730e+01
2.005426223571038236e+01
1.154509442185701573e+01
-1.013865308639392993e+01
-3.368239000083895007e+01
-4.768580338880101976e+01
-4.608060211395101646e+01
-1.014346220245289487e+01
1.555319863578313289e+01
2.834644133074465344e+01
6.270234694596226177e+01
9.764106375364610813e+01
1.079066446673115252e+02
1.186768078035689769e+02
8.325924802896952315e+01
5.025501526468013935e+01
3.535235820968244980e+01
3.671609040704561266e+01
2.772264336026424303e+01
2.405098489399225059e+01
1.718960714612407514e+01
-1.065485509491543326e+01
-2.825593921779619677e+01
-4.552562301572606884e+01
-2.378288157451069651e+01
-7.594326256475653736e+00
1.734641899322559766e+01
5.526192218192676364e+01
6.464601064982042544e+01
9.143899337536413441e+01
1.193167567552872583e+02
1.225161578488770715e+02
1.177308116151565969e+02
9.831753624965659810e+01
6.154148821199854069e+01
2.170726881376674555e+01
-4.358645966663289073e+00
-1.916388538695767352e+01
-2.863185165427739776e+01
-2.168866888131506698e+01
-4.581877449175209449e+00
3.559621130432060454e+01
7.245029091293315560e+01
8.468604657369661481e+01
7.798514791974588434e+01
6.301025959315452951e+01
5.401566607120159347e+01
4.655755991310155650e+01
3.567406192839655432e+01
2.556767561594838867e+01
2.099053433353643072e+01
2.194167960754072055e+00
-3.581480365576283020e+00
-3.020703606043696254e+00
5.030737291150870760e+00
2.009269172702863671e+01
3.535313790972020342e+01
5.305964894035483326e+01
5.697201365004659124e+01
5.729219201223813229e+01
3.753195792719054680e+01
2.849950169120637611e+01
5.083975136852723153e+01
6.758288225645168268e+01
5.615058686506770869e+01
2.817006176169826404e+01
7.227903411146883172e+00
-1.282373155623190542e+00
1.814787004026385375e+00
3.369770478769962097e+01
4.548520261778031681e+01
3.106016710928992097e+01
3.707451215175899506e+01
4.536768374225530920e+01
3.803219897423406337e+01
5.910711202995997837e+01
6.811569223938738560e+01
8.658341656739145265e+01
8.119372865089161451e+01
7.463365539690323658e+01
4.747861743119119637e+01
2.504369565508716278e+01
-9.289498331813774712e-01
3.416379152705133038e+00
1.040062641208447758e+01
2.034415776811556498e+00
2.326333724424105753e+01
4.419452232538395720e+01
3.830574567033380617e+01
1.701542222131445214e+01
1.814597029014322516e+00
-9.039534777192017145e+00
2.727236638725651119e+01
4.159777646706544374e+01
4.161284000241573722e+01
3.701029175355682810e+01
4.301647597072883400e+01
2.378671238543162758e+01
1.731791229216634065e+01
5.719232383690439292e+00
-4.573937621794783581e+00
1.895396733625887009e-01
5.646502252064578897e+00
-1.639364192246517860e+00
2.041463545196114637e+01
3.054183301517900873e+01
4.033000223437630893e+01
4.901715785567665762e+01
5.389562045877545415e+01
5.347054850568343909e+01
5.000675411628495226e+01
4.334936098555559170e+01
9.343251790808579926e+00
-1.633617311501996028e+01
-6.847375718358591712e+00
-3.620988505810771585e+00
7.636010288004257518e+00
2.854990917401235606e+01
3.716116403374866195e+01
2.424961896474405876e+01
2.661682134597796789e+01
3.312047177006064658e+01
4.412785810414158050e+01
2.384089619071332322e+01
2.811170738844509742e+00
-8.980171110305406046e+00
-8.218258766816575189e+00
8.667654773448134620e-01
3.185281294669664476e+00
-2.278382864812331832e+01
-5.943901321806691840e+01
-7.121931080369833467e+01
-7.648476682918695246e+01
-8.410103114133448798e+01
-9.326821713784457302e+01
-1.005240733188421132e+02
-8.198686814167677994e+01
-4.621294212813072022e+01
-1.481262701983382613e+01
1.287961089389659719e+01
3.932239237082967520e+01
5.591100148641416467e+01
6.910998223372354232e+01
3.354001881533494611e+01
7.098026926123822022e+00
-7.178231675738516060e+00
-4.563628003129480248e+00
3.102375176452198957e+00
-2.566324634068001842e+01
-2.262536128940337221e+01
1.653084968334724181e+00
1.893721835772251438e+01
3.334178610707255075e+01
4.509640875361111512e+01
3.516350847837009042e+01
3.496949520139696688e+01
2.881464196508920850e+01
1.441721440934946941e+01
-1.218162792715435216e+01
-2.586551071058963203e+01
-2.406873283827991372e+01
-1.450831181545709114e+01
4.034269251414997370e+00
2.522626923202150806e+01
3.035024346788668481e+01
2.679656373529144275e+01
3.845299559523354560e+01
3.649532433144344168e+01
4.628608004396937758e+01
5.242696152955332423e+01
6.286714846146099944e+01
5.231710963650846224e+01
2.385491623729873822e+01
1.801279150699699017e+01
1.033034696204333613e+01
1.394159591770653606e+01
7.270547480779214311e+00
-7.891134687338279718e+00
-2.870371060440120914e+01
-2.440041695862805682e+01
-8.229181653234746818e+00
-1.161989864887004842e+01
-1.083908635619752658e+01
-7.756510584517002371e-01
1.333053184318799822e+00
-9.807280100344996754e+00
-2.956449112650869893e+01
-4.282364358653680370e+01
-4.064964185999002666e+01
-2.805804715543825978e+01
-3.209973993502899248e+00
3.557881076549222144e+00
-3.021838138598553769e+00
-6.920570345647320210e+00
-1.423736852508764628e+01
-2.885214547412320485e+01
-3.857799138710700504e+01
-3.661671087223544419e+01
-7.091536322969091088e+00
2.329575532694630624e+01
5.111305871884866292e+01
5.914769395264326590e+01
6.692007712909963857e+01
7.536394969170174818e+01
7.443277895470367866e+01
5.500363911345928614e+01
4.409259883942144143e+01
3.850405701419248317e+01
4.197167937300690710e+01
3.751779125405150239e+01
-2.487992777783347265e+00
-2.556800895678100005e+01
-4.624438915592125454e+01
