0.000000000000000000e+00
5.329070518200751394e-15
-3.552713678800500929e-15
-3.552713678800500929e-15
-7.105427357601001859e-15
7.105427357601001859e-15
3.552713678800500929e-15
0.000000000000000000e+00
0.000000000000000000e+00
-1.776356839400250465e-15
-2.220446049250313081e-15
0.000000000000000000e+00
0.000000000000000000e+00
1.998401444325281773e-15
5.329070518200751394e-15
0.000000000000000000e+00
0.000000000000000000e+00
7.105427357601001859e-15
0.000000000000000000e+00
0.000000000000000000e+00
7.105427357601001859e-15
-7.105427357601001859e-15
0.000000000000000000e+00
5.329070518200751394e-15
3.552713678800500929e-15
0.000000000000000000e+00
0.000000000000000000e+00
0.000000000000000000e+00
-1.421085471520200372e-14
0.000000000000000000e+00
0.000000000000000000e+00
0.000000000000000000e+00
5.329070518200751394e-15
0.000000000000000000e+00
7.971886306364428521e-01
-2.110154204271459832e+00
1.455883921044341633e+01
-7.776992002587036268e+00
2.652514647419080518e+01
-8.050474473288204535e+00
-1.195374031168618956e+01
-1.086537585499008429e+01
-5.364976363455550512e+00
2.029180527390208155e+00
-1.421772474259710251e+01
-7.567449890704516235e-01
-3.178628266512756539e+00
1.400230963618014357e-01
5.764979589729222198e+00
1.195952367154899321e+01
1.691930441231050963e+00
-2.589099242518588539e+01
1.899356839078360082e+01
-1.056938834316209253e+01
-9.278097137683225526e+00
5.646186017787657718e+00
-3.919183786201305253e+00
1.514734452119055774e+01
1.817074039132648977e+00
-3.166553582170529069e+00
7.651894472473756537e+00
2.166364298080726769e+01
-2.343794317497399504e+01
2.256782795838077504e+00
3.680399976120909855e+00
-9.771859412632476705e+00
-2.756974671089000850e+00
2.557889976852321468e+01
1.926858963763282162e+01
2.736155568023764317e+01
-9.123294877806472414e+00
-7.137799835860320741e+00
7.791650425799048207e-01
-2.111591063228321730e+01
1.013707034555543984e+01
-2.108910407622655114e+01
1.188937374267852931e+01
5.871178844601943325e+01
3.757050506534525880e+01
-3.013864356999360439e+01
-1.151261779498756255e+01
5.719196119262484501e+00
-1.893563812742914365e+01
-2.090735896919081682e+00
-8.572510562106042897e+00
6.809617585124414063e+00
4.015196159165279255e+01
2.170515728012009049e+01
-9.023391891119160846e+00
4.543875616113680849e+00
-9.272085776295753590e+00
-3.437956532614450111e+00
9.388580459232571229e+00
-7.231003406308587955e+00
-2.641724053176673692e+00
-2.502455992804337725e+01
-1.445489897493261466e+01
-2.438790993753330838e+01
-1.670501756726866915e+01
-1.142523740333617965e+01
-7.972959802273017260e+00
3.662108307520163919e+00
-4.436259939917270856e+00
-8.021161892401615034e+00
9.111546803160287311e+00
-3.195741289460301005e-01
-3.353920031504369348e+00
-5.113489918788800992e+00
7.339133425913812125e+00
-4.302254589464707735e+00
-4.514773525517268737e+00
-5.057730961423501981e+00
-6.243910990904062430e+00
-2.523630221938113039e+00
-7.647452089730409241e+00
1.661060869014426444e+01
4.780742057407991297e+00
-2.714750933064628668e+00
-1.356189419139511187e+00
1.220696501076101725e+00
-5.922483942733341777e+00
-8.976122909425516383e+00
-6.799973302279726184e+00
-1.206543897288871214e+01
-7.232038546900856346e+00
-9.732936535054665939e+00
2.745053486734420289e+00
-2.343496114063832181e+00
5.955365054121408264e+00
-2.347132992886145075e-01
7.945559238651576095e+00
-1.648562374773868555e+01
-7.320470149519614722e+00
-1.140271123792087593e+01
3.720208040938757676e+00
3.171266407413116184e+01
4.453619796057397195e+01
4.862931830080299278e+00
-2.430093737232614615e+01
7.123826703102693614e+00
-7.111676009829835721e+00
-1.314465732198328851e+01
1.708489907458162094e+00
-1.405112807900096428e+01
-5.415870725886193782e+00
4.777555358551886400e+00
-3.554455262570812124e+00
2.350480139564987780e+01
1.724246871052027075e+01
-2.445717657759811914e+01
-6.004113514462389389e+00
1.507729496535549885e+01
-3.414229207055967663e+00
-3.590834073221024880e+00
-1.077518185749944379e+01
-1.457613386347832929e+01
-1.076484890572342934e+01
2.656562896769056437e+00
1.418853769729994951e+01
2.473464088385402704e+01
-6.230442308475147684e+00
-1.015624521901487753e+01
-2.265974670940600788e+00
-2.153322128277721959e+00
1.627968725649783721e+01
-8.648883559750842664e+00
-5.525149521033121403e+00
-8.276771525092396331e+00
2.101527688344610567e+01
1.810142427402171705e+01
5.320982739220502822e+01
-3.108651006741438039e+01
1.650705525018544506e+01
-1.662962565798430603e+01
-3.595434108081718705e+00
-1.114144821595802526e+01
3.023280757057330348e+00
-3.439970442241406801e+00
-2.251766564314659291e+01
-1.326219872759505591e+01
7.061351884989360173e+00
-6.373176402670281959e-01
-5.424059191141154201e+00
4.035284305505605573e+00
3.042364976547204947e+00
-4.301767669646267223e+00
-1.503995723810581353e+01
3.025939075978937964e+00
5.090789978413301498e-02
-9.527634274310257112e-01
-4.239485660636114872e+00
2.021550509021373188e+01
2.203479545124498173e+01
1.553537008931343166e+00
-1.631712232848755662e+00
7.026150463869385021e-02
-7.881258869467174577e+00
-5.987100159443237146e-01
1.027723310658240408e+01
-1.273513987393508806e+01
-9.557782592887082984e-01
-1.495469897054108444e+01
-9.383844892749806377e+00
3.906811476656098847e+00
-9.399678409507643551e-01
9.748035408790599377e+00
-1.569268164507400343e+01
1.278607045248132579e+01
-9.941467762521455143e+00
5.715503511910917211e+00
-1.519042762626132514e+01
-2.510894859434471549e+00
-3.205506873301642301e-01
-1.065353802160333707e+01
-2.824275386553603440e+00
2.355489779995026112e+01
-9.718563372289032998e+00
4.244642096973863943e+01
-2.798074410874687601e+01
1.789357385174049853e+00
-7.403892778151153209e+00
9.624530925272445359e-01
-2.180243918419314753e+00
-5.840038265103358661e+00
5.602698079376478901e+00
1.260956583144961840e+01
-5.568248280104981518e-01
-5.123587453360030963e+00
7.538494567838398552e+00
-1.066583350079058334e+01
-1.880907565267483506e+01
-1.929590033356245016e+00
-6.340698070104950901e+00
-6.988876482961493330e+00
-2.438772510824399831e+00
1.584550838548492280e+01
2.751264320276436592e+01
2.168967668157158357e+01
-3.358680932151045795e+00
-1.057841034428406601e+00
5.711145321241843931e-01
-2.822503420460073187e+00
-1.720753811757234075e+00
-5.436249031282336830e+00
-7.027336099627026655e+00
1.413363218793405096e+01
3.978980945008773062e+01
4.000918961052502709e+01
-1.653759467208786305e+01
2.539945993606407626e+01
-2.923764197269150600e+01
1.227258691788492939e+01
-2.133085522182334870e+01
-5.744802498182822958e+00
-1.054417152053196460e+01
1.673478568865079197e+01
7.560043671470147331e+01
2.386754962394709878e+01
1.990696492801731665e+00
1.039687158404223055e+01
-1.536336801112507544e+01
-2.911256691702399024e+01
5.862143265178158202e+00
-1.040576354418093530e+01
-3.170006951436129938e+01
-1.556508550784034917e+01
-3.795110880021965727e-01
1.132959817730146312e+01
-1.422747478238792951e+01
-6.408221983938588551e+00
4.114196074873120779e+00
-3.291670827537998889e+01
1.784009133104085265e+01
-2.655342027033456986e+01
6.611668220008215968e+00
-1.993748078287254089e+01
-1.038488193580056951e+01
2.692322424212679977e+00
4.505715095378055679e+01
3.958366474752178021e+01
-4.600461777387891971e+00
8.940402025046864765e+00
1.170812395756541946e+00
-2.735903735345284815e+01
5.892936979876076009e+00
-1.814168524267900295e+01
-5.662129906501538912e+00
-7.728385180138204191e-01
