5.000000000000000000e+00
1.099999999999999467e+01
1.600000000000000355e+01
2.300000000000000355e+01
3.600000000000000711e+01
5.799999999999999289e+01
2.899999999999999645e+01
2.000000000000000000e+01
1.000000000000000000e+01
8.000000000000001776e+00
3.000000000000002220e+00
0.000000000000000000e+00
0.000000000000000000e+00
1.999999999999998002e+00
1.099999999999999467e+01
2.700000000000000000e+01
4.700000000000000000e+01
6.299999999999999289e+01
6.000000000000000000e+01
3.900000000000000000e+01
2.799999999999999289e+01
2.600000000000000711e+01
2.200000000000000000e+01
1.099999999999999467e+01
2.099999999999999645e+01
4.000000000000000000e+01
7.800000000000000000e+01
1.220000000000000000e+02
1.030000000000000142e+02
7.300000000000000000e+01
4.700000000000000000e+01
3.500000000000000000e+01
1.099999999999999467e+01
5.000000000000000000e+00
1.520281136936355715e+01
3.611015420427145983e+01
5.544116078955658367e+01
8.877699200258703627e+01
8.447485352580919482e+01
1.090504744732882045e+02
8.495374031168618956e+01
5.086537585499008429e+01
2.536497636345555051e+01
1.397081947260979184e+01
1.921772474259710251e+01
1.175674498907045162e+01
2.517862826651275654e+01
3.985997690363819856e+01
5.423502041027077780e+01
6.894047632845101248e+01
8.170806955876895472e+01
7.359099242518588824e+01
2.880643160921639634e+01
4.126938834316209181e+01
2.147809713768322482e+01
3.953813982212341926e+00
1.411918378620130454e+01
1.725265547880944084e+01
4.578292596086735244e+01
5.716655358217052907e+01
5.524810552752624204e+01
6.423635701919273799e+01
8.463794317497399788e+01
4.284321720416192392e+01
3.271960002387908872e+01
3.067185941263247528e+01
1.415697467108900121e+01
1.222110023147678426e+01
5.053141036236717554e+01
7.873844431976235114e+01
1.099232948778064696e+02
8.873779983586031506e+01
6.572083495742009518e+01
5.591591063228321445e+01
2.046292965444456158e+01
2.808910407622655114e+01
7.910626257321471400e+00
3.378821155398056675e+01
1.168294949346547469e+02
1.560386435699936101e+02
9.631261779498755971e+01
6.238080388073750981e+01
5.743563812742914365e+01
2.489073589691908239e+01
1.877251056210604219e+01
1.729038241487558736e+01
4.274803840834721314e+01
1.102948427198799095e+02
1.399233918911191665e+02
1.135561243838863135e+02
9.917208577629575927e+01
7.003795653261444443e+01
5.061141954076742877e+01
5.413100340630858653e+01
4.364172405317667369e+01
4.632455992804337797e+01
3.045489897493261466e+01
3.078790993753330696e+01
2.080501756726866702e+01
1.822523740333618036e+01
2.247295980227301726e+01
3.033789169247983608e+01
4.943625993991727086e+01
5.112116189240161646e+01
3.838845319683971269e+01
4.251957412894603294e+01
3.145392003150437077e+01
1.521348991878880064e+01
7.608665740861871862e-01
6.802254589464707735e+00
4.514773525517268737e+00
6.457730961423502336e+00
1.124391099090406243e+01
1.472363022193811233e+01
2.154745208973040960e+01
1.878939130985573414e+01
4.101925794259200586e+01
4.381475093306463009e+01
3.145618941913951261e+01
2.267930349892389685e+01
2.152248394273334142e+01
1.557612290942551603e+01
1.079997330227972618e+01
1.386543897288871285e+01
1.573203854690085635e+01
2.633293653505466736e+01
3.355494651326557687e+01
5.194349611406383360e+01
5.824463494587859458e+01
6.723471329928861451e+01
6.295444076134842959e+01
6.428562374773868271e+01
3.482047014951961472e+01
1.990271123792087593e+01
9.479791959061241613e+00
2.518733592586883674e+01
7.696380203942602805e+01
1.334370681699197121e+02
1.275009373723261490e+02
7.857617329689730923e+01
7.171167600982983004e+01
4.984465732198329135e+01
2.249151009254183720e+01
2.475112807900096357e+01
2.041587072588619378e+01
3.532244464144811502e+01
6.505445526257081212e+01
7.499519860435012220e+01
1.074575312894797321e+02
1.207571765775981163e+02
7.260411351446238370e+01
4.942270503464450115e+01
5.751422920705596908e+01
4.259083407322102488e+01
3.137518185749944521e+01
2.127613386347832858e+01
1.506484890572343005e+01
2.004343710323094285e+01
4.061146230270004764e+01
6.906535911614597012e+01
1.020304423084751448e+02
8.735624521901488038e+01
6.136597467094060221e+01
4.615332212827772196e+01
3.072031274350216279e+01
3.914888355975084266e+01
2.182514952103312211e+01
1.557677152509239527e+01
1.658472311655389575e+01
5.589857572597828295e+01
8.579017260779497178e+01
1.422865100674143832e+02
8.509294474981454925e+01
8.282962565798430887e+01
4.829543410808172155e+01
2.814144821595802526e+01
8.276719242942670363e+00
1.583997044224140716e+01
2.591766564314659149e+01
1.926219872759505591e+01
2.523864811501063699e+01
5.493731764026702535e+01
6.512405919114115704e+01
5.966471569449439727e+01
6.045763502345279505e+01
5.650176766964627006e+01
4.043995723810581211e+01
1.007406092402106168e+01
6.749092100215866807e+00
7.252763427431025534e+00
1.133948566063611452e+01
1.538449490978626777e+01
5.096520454875501827e+01
8.354646299106865115e+01
7.963171223284875566e+01
6.392973849536130615e+01
4.968125886946717173e+01
2.679871001594432300e+01
1.642276689341759521e+01
2.483513987393508771e+01
1.045577825928870830e+01
1.765469897054108372e+01
1.438384489274980638e+01
2.049318852334389973e+01
4.293996784095076436e+01
5.375196459120940062e+01
6.949268164507400058e+01
4.921392954751867421e+01
5.844146776252145514e+01
3.818449648808908137e+01
3.379042762626132657e+01
8.210894859434471726e+00
3.920550687330164319e+00
1.205353802160333743e+01
1.242427538655360308e+01
2.384510220004973746e+01
6.681856337228903442e+01
6.145357903026136626e+01
1.085807441087468703e+02
6.181064261482595157e+01
4.500389277815115463e+01
2.513754690747275689e+01
1.638024391841931404e+01
1.164003826510335848e+01
1.109730192062352039e+01
3.169043416855037876e+01
6.445682482801049673e+01
7.412358745336003096e+01
7.026150543216159861e+01
7.556583350079058903e+01
5.450907565267483790e+01
2.312959003335624431e+01
1.744069807010495055e+01
1.268887648296149351e+01
1.113877251082439912e+01
2.025449161451507862e+01
5.218735679723563692e+01
9.271032331842842211e+01
1.129586809321510401e+02
8.985784103442840376e+01
6.722888546787581276e+01
5.032250342046007319e+01
3.232075381175723550e+01
2.173624903128233754e+01
1.662733609962702630e+01
1.906636781206595188e+01
5.281019054991226369e+01
1.115908103894749672e+02
1.528375946720878744e+02
1.093005400639359124e+02
1.131376419726915117e+02
5.712741308211507629e+01
5.283085522182334870e+01
1.964480249818282331e+01
1.494417152053196496e+01
2.126521431134920803e+01
6.609956328529851532e+01
1.663324503760528899e+02
1.828093035071982797e+02
1.486031284159577694e+02
1.276633680111250726e+02
8.301256691702398882e+01
3.163785673482184180e+01
3.830576354418093388e+01
4.190006951436129867e+01
3.066508550784034881e+01
4.737951108800219657e+01
8.247040182269853403e+01
1.201274747823879352e+02
1.119082219839385886e+02
1.003858039251268792e+02
9.951670827537998321e+01
5.105990866895915303e+01
6.455342027033456986e+01
2.788833177999178403e+01
3.543748078287254089e+01
2.298488193580056915e+01
2.480767757578732002e+01
4.744284904621944321e+01
1.158163352524782255e+02
1.593004617773878806e+02
1.315595979749531352e+02
1.147291876042434637e+02
9.395903735345284247e+01
4.000706302012392257e+01
3.604168524267900153e+01
1.906212990650153927e+01
2.997283851801381971e+01
