0.000000000000000000e+00
0.000000000000000000e+00
0.000000000000000000e+00
0.000000000000000000e+00
0.000000000000000000e+00
0.000000000000000000e+00
0.000000000000000000e+00
0.000000000000000000e+00
0.000000000000000000e+00
0.000000000000000000e+00
0.000000000000000000e+00
0.000000000000000000e+00
0.000000000000000000e+00
0.000000000000000000e+00
8.881784197001252323e-16
0.000000000000000000e+00
0.000000000000000000e+00
0.000000000000000000e+00
1.776356839400250465e-15
0.000000000000000000e+00
2.297517095427437539e+00
-3.833624469797989320e-01
-2.744504500038189576e-01
1.265846098787513085e-01
2.510940652796751493e-01
-1.882350943710134672e+00
5.272542877125472316e-01
5.523680849536027893e-01
-1.181395404974949770e-02
1.650442903704867348e+00
6.702547255921231795e-02
-4.277153866617879885e-01
-3.076708955747111673e-01
1.738601131366548813e+00
-1.706008974284287660e-01
-1.373483386369400705e+00
-1.758144279571149937e-01
-1.630573689710494989e-01
-7.499109038487361545e-02
-2.708298100408139675e-01
-7.574919330394003225e-02
1.290730148460234261e+00
-2.836832074894033440e-01
-2.877214597984831812e-01
-1.042827331349251097e+00
4.827239357726860192e-01
2.047760967515337427e-01
-9.235868732847585250e-02
-1.060909107281027275e-01
-8.329504231900850542e-01
-2.389383147191992407e-01
-2.922031480599027731e-01
-2.683330951811484510e-01
6.651145227057302378e-01
4.193925424227895604e-01
2.727050497272394125e-01
-8.123308662423909254e-01
5.205156486498268009e-01
-7.023375473499005039e-01
6.213748695579397463e-01
2.158266715523859958e-01
-2.893946441705708139e-01
1.322603873531047469e-01
2.958285928582862212e-01
-2.337589068349235077e-01
1.291929339935425247e+00
-1.549886183760294855e+00
-4.688983443621914660e-01
-5.912235514035550921e-01
-4.238582809025555065e-01
1.013184292240822515e+00
-7.015690955604192425e-02
6.048867058148417186e-01
2.401128135096417537e-01
-9.277404606760519812e-02
5.208533353012914091e-01
1.367937074606668801e-01
3.703150251819895544e-01
-1.457545260563009037e-02
-4.773876976153772489e-01
-2.055516855121197750e-02
-4.074630625847159848e-01
-7.535350205131940982e-02
4.006378850154943549e-01
-7.266744407014860130e-01
5.434729969679938932e-01
7.417858275259980871e-03
-3.301088583122320230e-01
-3.257800415999767552e-01
9.121408208910555260e-01
-2.317169144585840002e-01
1.425020962343666042e-01
-6.604514152392582105e-02
2.029284916142417572e-01
2.027433432405919334e+00
7.881184417245634677e-02
8.104263173690995359e-02
-1.592451554045304363e-03
-6.690236271047291794e-01
-1.607224371343578539e-01
-6.640887694960726506e-01
1.126869258705642807e-01
-4.932173440905041062e-01
-2.439813344439674125e-01
-2.477170570965903096e-01
-3.714791052098824764e-01
-1.711358410093941629e-01
1.840213402263000120e-01
3.881481574974845472e-01
5.566716248333687389e-01
3.026562332545275069e-01
-3.123514260101787343e-01
-2.443733802758005780e-01
-3.827416633778515376e-01
-2.638036109713137733e-01
3.832982754726437236e-01
-7.491530754800583836e-01
-1.505223451545809610e-01
2.511779095152304464e-01
-5.372151285864585901e-01
-2.268127874113350373e-01
-5.893130763777705283e-01
-3.244999743161383066e-01
-4.826724805113435934e-02
-2.268299917290015344e-01
5.339838870838269358e-01
-1.127249833690131986e+00
4.603519102352784387e-01
-5.866924259448094148e-01
-2.496142716594924593e-01
-3.318997321410765977e-02
1.603047293030748222e-01
-8.772778218804866412e-02
1.362591522295302227e-01
-3.977927904698521644e-01
-3.305782919102702166e-01
-2.837495344147846765e-01
2.027372890571898623e+00
-2.817912289464246101e-01
4.409465866358708297e-02
-4.684994906176864760e-02
1.511606259539350461e+00
5.292953334570871249e-01
2.715944937933052472e-01
-1.716948937888794546e+00
3.014079500075634854e-01
-6.547250766832730662e-01
1.124663471758742261e-01
3.496930221665888183e-01
1.735174305414076912e+00
1.111861270229979937e+00
1.106610495550890860e+00
7.483887452446076338e-01
6.074919905647782059e-01
-1.550094131808670284e-01
6.067669228800021131e-01
1.672637974157993312e-01
-2.718793228048554056e+00
-4.980733693809469287e-02
-6.130639649379672207e-01
4.585581955604443039e-01
9.255220000659640789e-01
-2.976048398379695925e-01
-1.277003790503652425e-01
-5.291753238653065239e-01
-1.490392687410977857e+00
5.171414011783781461e-02
2.511593019715867570e-01
-9.494309195790009426e-01
8.716844993929449004e-01
7.772905071601776683e-03
-1.322418711159095928e+00
7.950413126315218904e-01
1.943845327753415120e-01
3.665489987711190167e-02
-4.504939825700837730e-01
9.906429254037316667e-01
9.865312568301156659e-01
8.224629435633961094e-01
3.859803309644114222e-01
-5.965616633263053359e-01
-3.558364220211007733e-01
9.134473036944257274e-02
-2.841430824198498684e-01
9.237694271296561510e-01
1.103519634885641310e+00
2.101529719195252000e-01
-5.812658938059946934e-01
-8.117332210181675833e-01
-1.075931271389876542e+00
-3.409258224727871323e-01
-3.642285419167894389e-01
-1.897434480144273294e-01
3.682380942994143425e-01
-6.394623655900968373e-01
-4.327784344216922818e-01
-8.941006904503110420e-01
-1.400760316479932044e-01
-1.380451133477397008e+00
-6.294248114332852140e-01
-6.845721368793000750e-02
1.683530051785524506e-01
4.720624812547500326e-01
4.193406368395526940e-01
1.214518839867477773e+00
7.082543725265191270e-01
4.289790166653535408e-01
8.521791145129986589e-01
3.099914129680900743e-01
7.500073288385502579e-01
4.824945826893483058e-01
3.095067629755199334e-02
-5.860390874656378202e-01
-3.041194845190720031e-01
-1.400428000807041329e-01
-2.972406572295547278e-01
-4.301587640140454027e-01
4.247388811114207741e-01
-8.720924793047402090e-02
4.780921138760962918e-02
-3.197514911662997505e-01
-1.780367507814704098e-01
-1.648181832518211820e-01
-3.107622921380839287e-01
-6.197693215025212865e-01
1.973423205874924591e-01
-2.683625165529086587e-01
8.516908117141239742e-01
-2.471169666513350904e-02
-1.053843359619932585e-02
-4.670779936175009084e-01
-3.242315970011757642e-01
6.109222737211883469e-02
-1.190647856027361229e+00
-1.827215199863747586e-01
-2.432941045924712498e-01
-6.421338188817120596e-01
1.593055610192122273e-01
-1.224821631500647712e-01
-2.080985220658586599e-01
