5.400000000000000355e+00
5.400000000000000355e+00
5.099999999999999645e+00
4.799999999999999822e+00
5.500000000000000000e+00
6.099999999999999645e+00
6.400000000000000355e+00
6.799999999999999822e+00
6.400000000000000355e+00
6.000000000000000000e+00
6.099999999999999645e+00
6.099999999999999645e+00
5.299999999999999822e+00
5.500000000000000000e+00
5.699999999999999289e+00
5.000000000000000000e+00
5.799999999999999822e+00
9.000000000000000000e+00
1.039999999999999858e+01
9.900000000000000355e+00
8.402482904572561750e+00
1.008336244697979822e+01
9.074450450003819668e+00
7.973415390121248336e+00
8.148905934720325206e+00
8.282350943710135027e+00
6.172745712287452946e+00
6.847631915046397566e+00
9.111813954049749142e+00
1.024955709629513301e+01
1.243297452744078768e+01
1.222771538666178870e+01
1.140767089557471081e+01
1.136139886863345083e+01
1.247060089742842948e+01
1.107348338636939999e+01
7.875814427957115171e+00
7.763057368971049144e+00
8.174991090384873260e+00
9.170829810040814323e+00
1.047574919330394039e+01
1.170926985153976574e+01
1.348368320748940263e+01
1.258772145979848389e+01
1.254282733134925110e+01
1.231727606422731469e+01
1.199522390324846555e+01
1.009235868732847585e+01
8.206090910728102372e+00
8.132950423190084877e+00
7.638938314719199596e+00
8.192203148059903128e+00
9.868333095181148096e+00
1.143488547729426941e+01
1.268060745757721008e+01
1.212729495027276094e+01
1.191233086624239057e+01
1.117948435135017249e+01
1.100233754734990121e+01
8.678625130442060964e+00
7.784173328447614004e+00
7.689394644170571169e+00
6.767739612646895608e+00
7.304171407141713424e+00
9.133758906834923863e+00
1.090807066006457404e+01
1.294988618376029521e+01
1.076889834436219218e+01
1.009122355140355509e+01
1.002385828090255515e+01
8.786815707759178196e+00
8.470156909556042280e+00
6.795113294185158637e+00
6.459887186490358424e+00
6.492774046067605553e+00
6.579146664698708236e+00
9.063206292539332409e+00
1.032968497481800974e+01
1.061457545260562974e+01
9.777387697615377959e+00
9.020555168551211978e+00
9.307463062584716340e+00
8.175353502051319055e+00
6.799362114984505823e+00
6.426674440701486191e+00
5.256527003032005929e+00
5.792582141724739841e+00
6.530108858312232201e+00
7.225780041599977110e+00
8.187859179108944119e+00
9.231716914458584000e+00
8.557497903765632685e+00
8.066045141523925821e+00
7.597071508385758065e+00
6.672566567594079956e+00
7.321188155827544009e+00
6.018957368263089691e+00
5.301592451554045127e+00
5.569023627104729535e+00
5.260722437134357499e+00
6.664088769496072651e+00
7.287313074129436075e+00
7.993217344090504106e+00
7.243981334443967413e+00
6.647717057096590665e+00
6.971479105209882121e+00
6.371135841009394341e+00
5.415978659773699633e+00
4.711851842502515098e+00
4.643328375166631439e+00
4.897343766745472671e+00
5.112351426010178557e+00
5.444373380275800756e+00
6.382741663377851538e+00
6.863803610971313418e+00
6.716701724527355921e+00
7.149153075480058739e+00
6.150522345154580961e+00
5.648822090484769909e+00
5.737215128586458768e+00
5.126812787411335393e+00
5.289313076377770706e+00
5.024499974316138484e+00
5.048267248051134359e+00
5.826829991729001179e+00
6.466016112916173064e+00
7.727249833690131631e+00
6.639648089764721206e+00
7.086692425944809415e+00
6.849614271659492104e+00
6.233189973214107837e+00
6.139695270696925000e+00
5.787727782188048842e+00
5.663740847770469600e+00
5.897792790469852164e+00
6.030578291910270394e+00
6.683749534414785032e+00
7.272627109428102088e+00
9.581791228946425321e+00
8.555905341336412562e+00
7.746849949061768825e+00
7.888393740460649894e+00
9.170704666542912165e+00
8.928405506206694042e+00
7.916948937888794724e+00
5.998592049992436337e+00
6.754725076683272711e+00
7.087533652824125951e+00
8.250306977833410826e+00
9.764825694585923088e+00
1.108813872977001935e+01
1.089338950444910914e+01
1.125161125475539237e+01
1.239250800943522179e+01
1.265500941318086703e+01
1.059323307711999718e+01
9.832736202584200669e+00
9.618793228048554411e+00
7.149807336938094338e+00
8.313063964937967398e+00
1.014144180443955534e+01
1.207447799993403592e+01
1.379760483983796959e+01
1.272770037905036489e+01
1.282917532386530723e+01
1.279039268741097857e+01
1.114828585988216147e+01
1.054884069802841395e+01
9.149430919579000232e+00
6.728315500607054744e+00
7.092227094928397868e+00
8.122418711159095750e+00
8.404958687368477399e+00
1.130561546722465849e+01
1.236334510012288845e+01
1.215049398257008306e+01
1.110935707459626798e+01
1.151346874316988433e+01
1.167753705643660389e+01
1.021401966903558822e+01
8.896561663326306046e+00
7.355836422021100773e+00
7.008655269630557072e+00
8.084143082419849691e+00
9.176230572870343494e+00
1.149648036511435834e+01
1.288984702808047444e+01
1.258126589380599469e+01
1.211173322101816829e+01
1.207593127138987654e+01
1.084092582247278713e+01
9.164228541916790149e+00
7.389743448014427507e+00
6.431761905700585480e+00
6.639462365590096837e+00
6.532778434421691927e+00
7.894100690450311042e+00
9.340076031647992494e+00
1.038045113347739701e+01
9.229424811433284859e+00
8.468457213687930363e+00
8.531646994821446839e+00
7.327937518745249790e+00
5.880659363160447128e+00
4.885481160132521872e+00
5.291745627473480873e+00
5.171020983334646104e+00
4.947820885487001163e+00
6.690008587031909926e+00
7.849992671161449387e+00
8.717505417310650984e+00
8.769049323702448717e+00
8.586039087465637820e+00
7.804119484519072003e+00
6.640042800080704133e+00
5.797240657229554728e+00
5.230158764014045225e+00
4.775261118888579404e+00
5.087209247930474021e+00
5.252190788612390193e+00
6.319751491166299751e+00
7.378036750781470587e+00
7.764818183251820827e+00
7.610762292138083751e+00
7.019769321502521642e+00
6.002657679412507719e+00
5.468362516552908836e+00
4.348309188285876203e+00
4.824711696665133331e+00
4.810538433596199148e+00
4.767077993617500731e+00
5.024231597001175942e+00
5.938907772627881165e+00
7.390647856027361406e+00
6.682721519986374759e+00
6.543294104592471072e+00
6.542133818881712415e+00
5.540694438980787950e+00
5.622482163150064771e+00
5.208098522065858660e+00
