0.000000000000000000e+00
0.000000000000000000e+00
0.000000000000000000e+00
0.000000000000000000e+00
0.000000000000000000e+00
0.000000000000000000e+00
0.000000000000000000e+00
0.000000000000000000e+00
0.000000000000000000e+00
0.000000000000000000e+00
0.000000000000000000e+00
0.000000000000000000e+00
0.000000000000000000e+00
0.000000000000000000e+00
0.000000000000000000e+00
0.000000000000000000e+00
0.000000000000000000e+00
0.000000000000000000e+00
0.000000000000000000e+00
0.000000000000000000e+00
0.000000000000000000e+00
0.000000000000000000e+00
0.000000000000000000e+00
0.000000000000000000e+00
0.000000000000000000e+00
0.000000000000000000e+00
0.000000000000000000e+00
0.000000000000000000e+00
0.000000000000000000e+00
0.000000000000000000e+00
0.000000000000000000e+00
0.000000000000000000e+00
0.000000000000000000e+00
0.000000000000000000e+00
0.000000000000000000e+00
0.000000000000000000e+00
0.000000000000000000e+00
0.000000000000000000e+00
-5.269382583075472581e-01
4.281918871631340551e-01
2.848869151242165998e-01
2.402138989558189053e-02
4.985255302624960194e-01
-2.559447295840993064e-01
3.904623406259908336e-01
2.151444920262974847e-01
-8.746123561061764917e-01
-1.143288716261405824e-01
-2.329661447941706598e-01
3.223398724022175088e-02
3.918119702080549160e-01
-2.793412704413196224e-01
-4.493159773032235904e-01
-4.986930998830221284e-01
2.205276943148071211e-02
1.929763394037671276e-01
-2.119003139026176541e-02
4.078557130422133525e-02
4.776658465632088735e-01
2.492781133438608521e-01
-5.786809055913497701e-01
-1.654658602771501563e-01
-1.523862915912825855e-01
7.952905638454090820e-01
5.685346716622596830e-02
-2.269773998694439854e-01
-3.483495079897380720e-02
4.969646250463259918e-01
6.046873341323859563e-01
8.843941751296426901e-01
-1.572417685461875436e-01
3.415966816323798838e-01
-4.326654996971956990e-01
5.542199050453788800e-02
1.459004085712969356e-01
5.723753464470497931e-01
4.966529416548404186e-02
1.744859460561478670e-01
-8.607587545397699103e-02
1.066294953033697368e-02
-3.811366048159712250e-01
-1.684022219307124146e-02
2.216918692454949991e-01
1.344061067591773906e+00
2.193050149083628497e-01
2.954970802549325981e-01
-7.832438905856076161e-01
3.813914464105874202e-01
3.671681593038655933e-01
3.837527437761387716e-01
5.821494733705865343e-01
-2.046689782294563997e-02
-2.244111968199415941e-01
2.164516087915178133e-01
7.199644818126493817e-02
3.395235957291813378e-01
5.770358206870263018e-02
6.143678953049089841e-01
5.890762288691497872e-01
1.314045496229095278e+00
7.504123910128051023e-01
-1.671507177767566077e-01
7.051705987402456799e-02
-1.908614348799098082e-01
-1.965608032093264512e-01
-2.824429775116037433e-01
2.835048836210205536e-01
4.405004105095535749e-01
1.249508005303255231e+00
-5.142642464850872841e-01
9.027839182481756097e-02
-9.705716762847060863e-02
-5.810789424126525660e-01
-4.605951080354309113e-01
-3.081590100776061547e-01
-2.546595653565866257e-01
-1.765767573516896505e-02
3.690101880163609849e-03
-4.879489340087452831e-01
-5.449781399037849638e-01
-8.418017604664456144e-01
-9.936338679166816235e-01
-1.154188545206682903e+00
-1.200001423596788186e-01
-1.039906427971342140e-01
-2.286059943246669945e-01
-2.121334640525880388e-01
-2.580910530588376162e-01
-8.681615885777382857e-02
-3.014299707601697520e-01
-3.899632896948261873e-01
-9.905508390992068257e-02
6.331887992292823952e-01
1.395310905389717249e-01
-6.504060531429729508e-01
-5.723662758052157074e-01
1.079418000010541334e-01
-2.682750566111788970e-01
-1.808390303831473034e-01
-9.990909703103767470e-02
7.788584537210851977e-02
-4.999212631760219239e-01
4.053819184477500670e-01
-3.319678487791133392e-01
1.661120878238300236e-01
-2.264449564019148653e-01
2.636437542519143307e-01
9.562198235599996821e-01
4.547613584918952512e-01
8.314999852208515563e-02
-1.357429713332258814e-02
1.652480242877256700e-01
-6.865983895604621523e-02
-6.509062336874293919e-02
-9.706023597961888072e-02
1.487273851056230001e-01
-3.165114435221294542e-01
-6.753410949872939995e-01
-4.243440157523785672e-01
2.020109764775117611e-01
-3.572516497548470227e-01
-3.591793960282458897e-01
-9.492542216701771451e-02
-5.033194376819594140e-03
2.485538326865732728e-01
-1.495177122066344566e-01
-3.009500966307907532e-01
-3.433720151076968818e-02
-1.899355927113379749e-01
-5.312495525937546148e-01
9.205948883529657678e-02
1.433716192890699404e-02
-6.200177947310514526e-02
-1.422394322828779423e-01
-1.959461005255924704e-02
-5.770637131677798237e-01
2.240639076065136237e-01
-4.179048015375919078e-01
1.021556291272407435e-01
-1.021496639203078871e-01
-1.213053132174920279e+00
-5.757970038473203545e-01
4.899121486954829408e-01
4.119326428786784788e-02
-5.737374842762807958e-01
-5.182767804818588786e-01
-2.491698933776795855e-01
-4.880166629512494580e-01
-1.276477586638034012e-01
5.988266338344594431e-02
-2.551706097801869078e-01
-2.867834877829640305e-01
1.135731841663677244e+00
5.485190950660303599e-01
-9.237260353017084924e-01
-1.474621587006268442e-01
6.201356845880336977e-01
-1.087582804016076210e-01
3.483500881621992562e-01
-1.093010751450584905e-02
-3.878072127934686364e-01
-3.425604227263221446e-01
-2.996590206631388753e-02
-3.499612941130081367e-01
-3.327421363187088588e-01
5.517184731573294698e-01
-1.677285923963406589e+00
2.508805373552265294e+00
-8.522657662892783037e-01
-1.362379009646126349e-01
3.483275508192456016e-01
1.425703322638955939e-01
1.970887878785774205e-01
1.134030760660564852e-01
-2.741331730736185079e-02
1.330568288790914266e-01
1.801629843480121451e-01
7.488828738130592910e-02
-1.339915679359400258e-01
7.202198046017116440e-02
1.263512110431150859e-01
-1.819391776685996831e-01
-6.735617620400091710e-03
5.648610537839715562e-03
7.591901604259376768e-02
-1.063799573231065665e-01
9.935601939315752418e-02
1.706538403526494108e-01
-9.600226251766361685e-01
-3.827650733213481260e-01
-1.041092649496810907e-02
5.504470328482558017e-01
1.271807657344936615e-02
2.924571330155281146e-01
-2.582077126101722797e-02
-1.662962444525106775e-02
6.478048751698981533e-01
1.332375652653432496e-01
-1.296916701975732167e-01
1.041296532788559048e+00
4.052191646347882426e-01
-7.567405658075063712e-01
-4.207697598197110977e-01
-4.877037193444095919e-01
-1.347673333745689206e-01
-7.525926078144173914e-02
-2.218450642525802152e-01
-1.208506249070602223e-01
-1.510959322661058479e-01
7.041915834769696403e-02
7.567074630815362468e-02
1.650746341345676882e-01
-2.908618367055115783e-01
6.602374177800154342e-01
-8.347523891010588670e-02
1.204540137853276960e+00
7.037223326709707294e-02
6.759836652100137400e-01
1.513563122163166241e-01
1.857427733138710124e-01
3.415254266634129010e-01
2.251899289210399502e-01
4.027589915950482435e-01
3.162578940685776274e-01
1.034211556680517674e+00
-5.637088642478840228e-01
1.916719495012486618e-02
4.008330261436281461e-01
1.014040793251979267e+00
8.188267132629327705e-01
-1.682283348348789787e-02
2.589956517788998269e-01
-6.953622075848642226e-02
2.190941048447392347e-01
3.820728239436164131e-01
-4.413991079380448213e-01
-5.599709525648126629e-01
9.465923283503840935e-02
6.237376647559678133e-02
9.166935066226500339e-01
6.549623038485563598e-02
-1.923400363197700358e-01
-4.979242382593973559e-01
-4.077568455805469227e-01
1.564658818077191427e-02
1.037787808507140142e-02
1.248131357392345819e-01
-3.516366737076737081e-02
-2.353624220024297387e-01
-5.851186756938684397e-01
6.267573530756589406e-01
7.115576106586729566e-02
-1.790382979904769911e-01
3.292679710370585155e-01
1.116626465869607898e-01
-2.003462196999450384e-01
-3.994710407611634650e-02
8.792223563721286439e-01
-9.124871264026168660e-02
-1.317203520611407441e-01
1.462555118940720433e-01
-7.658347888444296814e-01
2.117306796093600951e-01
-4.088150166636559391e-01
-6.301157894945355054e-01
3.517616909883827248e-01
-2.212481880196968120e-01
-2.448410102984652781e-01
-2.631530867163895948e-01
-1.094867789345101983e-01
9.956629911028791469e-02
-2.261884385804560083e-01
1.325453039984747505e-01
-2.913443851287311759e-02
-4.723832537436258860e-01
1.623600719438012874e+00
7.076217187033257972e-01
5.074317375522419127e-01
-4.130879822574513582e-01
1.902304332467643633e-01
3.628647241646625332e-01
-5.221824625288142840e-01
2.639759205473364290e-01
1.409770001450496579e-01
1.671672308823808351e-01
-3.052749127250624639e-01
1.621887461708126921e-01
3.325919954243659049e-01
-3.319221281354920450e-01
-4.873531591848418998e-01
-2.971958770204743416e-01
-2.494091014504249415e-01
-6.860577082053254117e-02
-3.495959332261726615e-01
2.945999116101436499e-01
3.708209440887344499e-02
3.058927002304674403e-01
4.336621055838438821e-01
-5.964514834909433461e-01
-4.595650477767492248e-01
-2.966363419124640188e-01
-5.853124691955748915e-01
-3.099557039499813982e-01
-1.916529761551224453e-01
-7.739055855076415469e-02
1.764028784010545081e-01
-4.308319317427482531e-01
5.288324678794786848e-02
1.073981878728844208e+00
5.335917191126942072e-01
-7.066391012392116977e-01
6.491166577465357079e-01
-5.929578875878860345e-01
-5.117813350214355239e-01
1.028892805916612474e-01
4.376712486605782715e-02
5.478221643690890375e-01
1.114109981107311853e-01
4.304445435962129807e-01
7.447272757536396171e-01
-5.037082984535725672e-01
-1.222978680343089763e-02
5.949039788392731509e-01
4.008684489851788157e-02
3.499402546786001267e-02
1.629451994793740255e-01
4.474079554252732294e-01
-5.794823133676629823e-03
8.571725213338865501e-02
3.459344701664370803e-01
4.538283730283865225e-02
3.190028433385236895e-01
8.590801284096087898e-01
6.700087636309994821e-01
-2.662076642474637822e-01
3.339426760898938085e-01
1.289523217036858682e-01
1.081143894522540450e-01
-7.714484095964380117e-02
3.448746910328637227e-01
5.206511515424523395e-01
-6.184043468138504807e-01
-5.799351020159448922e-02
2.454242586877839472e-01
-5.738926139520437175e-01
-6.137198491703266257e-01
-4.091344581269851233e-02
-2.314891533046541383e-01
2.768693620881030881e-01
6.162130983082469982e-01
2.211885474035248933e-01
3.732691112563806257e-01
-1.655296860337251985e-01
2.680202827524063025e-01
-8.017464642783522777e-02
-5.629990994030755758e-01
1.162458746499286377e-01
-4.847620642550349856e-01
3.520863073107420860e-01
8.124739124593176598e-01
-8.830990662416482451e-02
-1.752185765593168298e-01
-9.726818772868739416e-03
2.562749927603746869e-01
8.898195914683881824e-02
9.590370555648348727e-01
6.596960616586358128e-01
1.440234181627992882e-01
3.826397569640285212e-01
-7.213594366653168777e-01
6.693642776683041973e-01
-9.804096627519243157e-05
-2.216234309398252833e-01
1.788670177973017417e-03
-1.185620124787014618e-01
4.667606116357738699e-01
-2.422290948879215478e-01
8.031846558347410792e-02
-1.872338721585258270e-01
-2.129143209439412487e-01
-5.641994823759155508e-01
-1.430590349831184938e+00
7.768110262430720780e-01
3.235606694478558865e-01
8.185450616443716854e-01
8.348181201321835943e-02
-8.639048867379628405e-02
4.078960045823087910e-01
-5.196170839780123174e-02
-3.305681264160078570e-01
-2.441549051566624939e-01
1.445451901046848064e-01
-5.121421582296292740e-02
-1.579330477825813261e-01
-2.161973295813144347e-01
1.152475475125616100e-01
-4.354934709714797236e-02
-2.950267577111844730e-01
1.905890742818030503e-01
-5.040455800935816910e-01
-7.231023187783236494e-02
-2.784384346332995364e-01
-3.171234447995221473e-01
5.649374313765722633e-01
1.428898288855453558e-01
-9.949268832896951409e-01
-3.547129845982208707e-01
-3.254346465242381470e-01
-1.869109755264855011e-01
-1.594212906978125233e-01
3.820522545553650673e-01
2.440910121157102708e-01
-8.283259333978776340e-03
-7.502432809822856541e-02
-1.665705076024117659e-01
-2.956056606341554982e-01
2.990609014628731188e-02
9.176593151435756823e-01
2.295055302982103029e-01
3.135737521061638944e-01
2.259848044870391703e-01
-3.118504700013087216e-01
-4.881413974682384804e-01
-1.207527710693518941e-01
-2.731587578250938009e-02
5.295932487685846013e-01
1.215837903910195195e-01
9.724127003895830512e-01
6.366192802770402892e-01
-1.939805653802118002e-02
-3.322164045800501952e-01
3.176249477242816255e-01
3.739187253246463172e-01
3.579285363206636816e-01
4.060453260247918195e-01
6.477225887928881320e-01
2.256180228985513736e-01
-6.148230904541307495e-03
-1.383136234736053183e-01
-4.668149220418769119e-01
-2.262560987300172854e-01
1.895064517104110280e-01
9.071032291780678491e-01
2.925734372465704780e-01
8.980883661936722717e-01
-4.255326195298962944e-01
-3.850806631671161995e-01
1.713296348474884212e-01
-9.088336309634570398e-02
-1.468900307528642202e-01
-9.854464929117945360e-02
1.030947510516480037e-01
-3.510707803191195353e-01
-2.103927069500155511e-01
-1.187282246913259343e-01
-4.074536629913794172e-01
-6.416542722447182712e-01
-3.021244937315969992e-02
-2.068983029404254381e-01
-4.928885343069566716e-03
9.205227788488201668e-03
2.412977752291105560e-01
3.398207804387904929e-01
-3.972896397945291369e-01
-6.887480276158459702e-01
-5.653613637092771427e-01
1.673682711273780654e-01
4.659501080344483626e-01
-3.475468581567593418e-01
-4.447633992144375270e-01
-4.426639650425077122e-01
4.114374368120188308e-02
-9.594806789297649630e-02
-1.388155905274199853e-01
8.782560646754156153e-02
-1.727883597147705785e-01
1.083664256176906093e-01
-1.197093816798222576e-02
-2.783409814375481517e-02
3.522729758075353601e-01
-1.445303172100231848e-01
-1.741681746156125143e-01
-4.184017840985454484e-02
-7.440037119380349395e-02
1.859264164289662347e-01
-2.060106574942004443e-01
1.177657134417700036e-01
3.781773504329475344e-01
5.008534086722171708e-01
-7.393733936964963505e-03
4.294470525112501491e-01
1.042226419958449668e-01
1.817655609828925378e-01
-1.206273695158586179e-01
-8.118528535283964231e-02
2.196714872810527908e-01
4.724076450199259369e-01
1.953917308346184711e-01
2.694260980064786537e-01
3.974301812903959785e-01
6.966891025543393567e-01
-7.764840814884088616e-02
4.155785429560410194e-02
4.994584532022372514e-02
3.220707788642993563e-01
2.416021151357483632e-01
2.105592734357113471e-01
1.786746220880957026e-01
1.553531977781812401e-01
-5.276611695456860929e-01
6.610136856763535462e-01
1.041350256289593545e+00
-3.506769609957789413e-01
7.871975844739864669e-04
-1.320739520675342504e-01
5.444354771671573445e-01
3.078069466654689279e-01
-2.787298418897421470e-02
6.352728164902963215e-01
8.419707164084400119e-02
1.066590353790939361e-01
2.840825097891563900e-01
1.747514668606164889e-01
5.093927401473514749e-01
1.052095690670924455e-01
3.344801851736818321e-01
-6.666275982284162183e-01
6.273869473193727231e-02
-4.705066432827820222e-02
2.750044229136463514e-01
2.706915352816139375e-01
9.808946888679059839e-03
-1.241168039780227161e-01
-2.612830412636277799e-01
-5.216059329441158354e-02
1.812311250456630773e-01
-2.931136997127943289e-01
7.960619984564676344e-01
-8.289115931639834400e-01
8.689796493966497337e-01
5.371923783907135430e-01
1.403903227564100575e-01
7.586451756841867677e-01
-1.789880997841386545e-01
-2.028364869242729185e-01
-7.735335056729297776e-02
-1.961121328023409660e-01
3.505241782075891877e-01
-1.348395916855183785e+00
4.865546850097324239e-02
-1.258877947511933826e-01
8.851305841563217314e-02
-1.191867331778162509e-01
-1.954205416410665919e-01
7.668244856091988026e-02
-1.269865845803579418e-01
1.058505682732580055e-01
3.173940167176105831e-01
2.562093440763391072e-02
5.574959578866547361e-01
