1.476299999999999990e+01
1.464900000000000091e+01
1.508500000000000085e+01
1.637599999999999767e+01
1.692599999999999838e+01
1.677400000000000091e+01
1.648999999999999844e+01
1.576900000000000013e+01
1.517999999999999972e+01
1.438299999999999912e+01
1.447799999999999976e+01
1.436400000000000077e+01
1.392799999999999905e+01
1.328299999999999947e+01
1.369999999999999929e+01
1.546499999999999986e+01
1.624299999999999855e+01
1.648999999999999844e+01
1.624299999999999855e+01
1.578700000000000081e+01
1.544599999999999973e+01
1.464900000000000091e+01
1.377599999999999980e+01
1.318799999999999883e+01
1.328299999999999947e+01
1.265700000000000003e+01
1.297900000000000098e+01
1.390900000000000070e+01
1.453500000000000014e+01
1.487700000000000067e+01
1.485799999999999876e+01
1.428800000000000026e+01
1.394700000000000095e+01
1.341599999999999859e+01
1.290299999999999869e+01
1.345400000000000063e+01
1.349099999999999966e+01
1.356700000000000017e+01
1.339700000000000024e+01
1.443999999999999950e+01
1.516099999999999959e+01
1.542699999999999960e+01
1.569299999999999962e+01
1.514200000000000124e+01
1.476299999999999990e+01
1.428800000000000026e+01
1.307400000000000162e+01
1.254299999999999926e+01
1.223900000000000077e+01
1.201099999999999923e+01
1.282699999999999996e+01
1.356700000000000017e+01
1.354800000000000004e+01
1.330199999999999960e+01
1.318799999999999883e+01
1.311200000000000010e+01
1.282699999999999996e+01
1.220099999999999874e+01
1.191699999999999982e+01
1.180299999999999905e+01
1.115700000000000003e+01
1.089200000000000124e+01
1.111999999999999922e+01
1.259999999999999964e+01
1.328299999999999947e+01
1.341599999999999859e+01
1.333999999999999986e+01
1.352900000000000169e+01
1.377599999999999980e+01
1.430700000000000038e+01
1.385200000000000031e+01
1.383300000000000018e+01
1.316900000000000048e+01
1.294099999999999895e+01
1.318799999999999883e+01
1.438299999999999912e+01
1.476299999999999990e+01
1.521799999999999997e+01
1.516099999999999959e+01
1.485799999999999876e+01
1.415599999999999881e+01
1.358599999999999852e+01
1.315000000000000036e+01
1.413700000000000045e+01
1.423099999999999987e+01
1.436400000000000077e+01
1.383300000000000018e+01
1.447799999999999976e+01
1.500900000000000034e+01
1.561700000000000088e+01
1.614799999999999969e+01
1.597700000000000031e+01
1.514200000000000124e+01
1.459200000000000053e+01
1.436400000000000077e+01
1.449699999999999989e+01
1.455400000000000027e+01
1.499099999999999966e+01
1.586299999999999955e+01
1.793200000000000216e+01
1.918400000000000105e+01
1.918400000000000105e+01
1.895599999999999952e+01
1.825400000000000134e+01
1.751399999999999935e+01
1.666000000000000014e+01
1.633800000000000097e+01
1.631900000000000261e+01
1.745700000000000074e+01
1.717299999999999827e+01
1.785599999999999810e+01
1.859600000000000009e+01
1.855799999999999983e+01
1.815900000000000247e+01
1.768499999999999872e+01
1.681200000000000117e+01
1.607199999999999918e+01
1.533200000000000074e+01
1.447799999999999976e+01
1.421299999999999919e+01
1.373799999999999955e+01
1.316900000000000048e+01
1.258099999999999952e+01
1.324499999999999922e+01
1.385200000000000031e+01
1.417500000000000071e+01
1.428800000000000026e+01
1.398499999999999943e+01
1.343500000000000050e+01
1.288400000000000034e+01
1.242900000000000027e+01
1.241000000000000014e+01
1.339700000000000024e+01
1.390900000000000070e+01
1.383300000000000018e+01
1.409900000000000020e+01
1.468700000000000117e+01
1.461099999999999888e+01
1.438299999999999912e+01
1.390900000000000070e+01
1.335900000000000176e+01
1.229599999999999937e+01
1.210599999999999987e+01
1.180299999999999905e+01
1.235299999999999976e+01
1.222000000000000064e+01
1.282699999999999996e+01
1.425000000000000000e+01
1.508500000000000085e+01
1.495299999999999940e+01
1.443999999999999950e+01
1.389000000000000057e+01
1.303599999999999959e+01
1.220099999999999874e+01
1.140400000000000169e+01
1.130900000000000105e+01
1.098700000000000010e+01
1.036099999999999888e+01
1.030400000000000027e+01
1.134700000000000131e+01
1.178400000000000070e+01
1.184099999999999930e+01
1.184099999999999930e+01
1.165099999999999980e+01
1.140400000000000169e+01
1.087299999999999933e+01
1.020899999999999963e+01
1.007600000000000051e+01
1.024699999999999989e+01
1.013299999999999912e+01
1.074000000000000021e+01
1.155599999999999916e+01
1.220099999999999874e+01
1.250500000000000078e+01
1.273200000000000109e+01
1.220099999999999874e+01
1.206799999999999962e+01
1.128999999999999915e+01
1.113900000000000112e+01
1.110099999999999909e+01
1.034200000000000053e+01
1.000000000000000000e+01
1.134700000000000131e+01
1.276999999999999957e+01
1.332099999999999973e+01
1.333999999999999986e+01
1.318799999999999883e+01
1.267599999999999838e+01
1.231499999999999950e+01
1.204900000000000126e+01
1.159400000000000119e+01
1.125200000000000067e+01
1.246700000000000053e+01
1.349099999999999966e+01
1.349099999999999966e+01
1.415599999999999881e+01
1.525599999999999845e+01
1.559799999999999898e+01
1.603400000000000247e+01
1.559799999999999898e+01
1.451599999999999824e+01
1.343500000000000050e+01
1.263799999999999990e+01
1.210599999999999987e+01
1.214400000000000013e+01
1.297900000000000098e+01
1.191699999999999982e+01
1.506599999999999895e+01
1.519900000000000162e+01
1.542699999999999960e+01
1.542699999999999960e+01
1.540799999999999947e+01
1.470599999999999952e+01
1.413700000000000045e+01
1.330199999999999960e+01
1.297900000000000098e+01
1.303599999999999959e+01
1.290299999999999869e+01
1.371900000000000119e+01
1.480099999999999838e+01
1.554099999999999859e+01
1.561700000000000088e+01
1.550300000000000011e+01
1.521799999999999997e+01
1.459200000000000053e+01
1.385200000000000031e+01
1.341599999999999859e+01
1.305499999999999972e+01
1.231499999999999950e+01
1.223900000000000077e+01
1.256200000000000117e+01
1.389000000000000057e+01
1.468700000000000117e+01
1.531299999999999883e+01
1.540799999999999947e+01
1.502799999999999869e+01
1.478200000000000003e+01
1.421299999999999919e+01
1.343500000000000050e+01
1.366200000000000081e+01
1.428800000000000026e+01
1.349099999999999966e+01
1.315000000000000036e+01
1.358599999999999852e+01
1.387099999999999866e+01
1.417500000000000071e+01
1.409900000000000020e+01
1.371900000000000119e+01
1.309299999999999997e+01
1.256200000000000117e+01
1.202999999999999936e+01
1.214400000000000013e+01
1.185999999999999943e+01
1.241000000000000014e+01
1.276999999999999957e+01
1.463000000000000078e+01
1.521799999999999997e+01
1.591999999999999993e+01
1.588199999999999967e+01
1.575000000000000000e+01
1.527500000000000036e+01
1.480099999999999838e+01
1.455400000000000027e+01
1.434500000000000064e+01
1.510400000000000098e+01
1.455400000000000027e+01
1.495299999999999940e+01
1.595800000000000018e+01
1.758999999999999986e+01
1.880499999999999972e+01
1.880499999999999972e+01
1.832999999999999829e+01
1.747599999999999909e+01
1.681200000000000117e+01
1.622400000000000020e+01
1.554099999999999859e+01
1.474400000000000155e+01
1.447799999999999976e+01
1.472499999999999964e+01
1.631900000000000261e+01
1.732400000000000162e+01
1.760900000000000176e+01
1.721099999999999852e+01
1.654599999999999937e+01
1.597700000000000031e+01
1.542699999999999960e+01
1.497200000000000131e+01
1.453500000000000014e+01
1.421299999999999919e+01
1.371900000000000119e+01
1.500900000000000034e+01
1.631900000000000261e+01
1.707799999999999940e+01
1.791300000000000026e+01
1.815900000000000247e+01
1.770400000000000063e+01
1.705900000000000105e+01
1.726800000000000068e+01
1.654599999999999937e+01
1.607199999999999918e+01
1.599599999999999866e+01
1.529400000000000048e+01
1.590099999999999980e+01
1.630000000000000071e+01
1.654599999999999937e+01
1.749500000000000099e+01
1.766600000000000037e+01
1.696400000000000219e+01
1.614799999999999969e+01
1.542699999999999960e+01
1.483900000000000041e+01
1.426900000000000013e+01
1.411800000000000033e+01
1.415599999999999881e+01
1.408000000000000007e+01
1.641400000000000148e+01
1.821599999999999753e+01
1.929799999999999827e+01
1.882400000000000162e+01
1.836799999999999855e+01
1.787500000000000000e+01
1.686899999999999977e+01
1.612900000000000134e+01
1.571199999999999974e+01
1.561700000000000088e+01
1.516099999999999959e+01
1.614799999999999969e+01
1.760900000000000176e+01
1.840599999999999881e+01
1.846300000000000097e+01
1.825400000000000134e+01
1.760900000000000176e+01
1.681200000000000117e+01
1.571199999999999974e+01
1.506599999999999895e+01
1.476299999999999990e+01
1.487700000000000067e+01
1.536999999999999922e+01
1.573099999999999987e+01
1.599599999999999866e+01
1.622400000000000020e+01
1.618599999999999994e+01
1.601500000000000057e+01
1.544599999999999973e+01
1.457300000000000040e+01
1.408000000000000007e+01
1.322599999999999909e+01
1.297900000000000098e+01
1.445900000000000141e+01
1.565499999999999936e+01
1.563599999999999923e+01
1.715399999999999991e+01
1.738100000000000023e+01
1.711599999999999966e+01
1.673600000000000065e+01
1.616700000000000159e+01
1.591999999999999993e+01
1.540799999999999947e+01
1.506599999999999895e+01
1.576900000000000013e+01
1.578700000000000081e+01
1.586299999999999955e+01
1.715399999999999991e+01
1.817800000000000082e+01
1.865299999999999869e+01
1.861499999999999844e+01
1.840599999999999881e+01
1.783699999999999974e+01
1.707799999999999940e+01
1.647100000000000009e+01
1.622400000000000020e+01
1.639499999999999957e+01
1.739999999999999858e+01
1.867200000000000060e+01
1.908900000000000219e+01
1.982900000000000063e+01
2.000000000000000000e+01
1.994299999999999784e+01
1.952599999999999980e+01
1.897500000000000142e+01
1.846300000000000097e+01
1.726800000000000068e+01
1.641400000000000148e+01
1.641400000000000148e+01
1.675499999999999901e+01
1.673600000000000065e+01
1.717299999999999827e+01
1.764700000000000202e+01
1.821599999999999753e+01
1.876699999999999946e+01
1.853900000000000148e+01
1.827299999999999969e+01
1.741900000000000048e+01
1.667900000000000205e+01
1.599599999999999866e+01
1.546499999999999986e+01
1.540799999999999947e+01
1.512299999999999933e+01
1.607199999999999918e+01
1.768499999999999872e+01
1.823499999999999943e+01
1.806400000000000006e+01
1.781799999999999784e+01
1.743799999999999883e+01
1.681200000000000117e+01
1.711599999999999966e+01
1.721099999999999852e+01
1.709700000000000131e+01
1.749500000000000099e+01
1.709700000000000131e+01
1.812099999999999866e+01
1.874800000000000111e+01
1.876699999999999946e+01
1.853900000000000148e+01
1.810200000000000031e+01
1.781799999999999784e+01
1.700199999999999889e+01
1.635699999999999932e+01
1.556000000000000050e+01
1.531299999999999883e+01
1.478200000000000003e+01
1.371900000000000119e+01
1.483900000000000041e+01
1.582499999999999929e+01
1.732400000000000162e+01
1.772299999999999898e+01
1.768499999999999872e+01
1.751399999999999935e+01
1.690700000000000003e+01
1.586299999999999955e+01
1.493400000000000105e+01
1.470599999999999952e+01
1.438299999999999912e+01
1.434500000000000064e+01
1.476299999999999990e+01
1.595800000000000018e+01
1.669800000000000040e+01
1.679299999999999926e+01
1.723000000000000043e+01
1.650900000000000034e+01
1.578700000000000081e+01
1.499099999999999966e+01
1.408000000000000007e+01
1.432599999999999874e+01
1.449699999999999989e+01
1.350999999999999979e+01
1.366200000000000081e+01
1.404199999999999982e+01
1.426900000000000013e+01
1.447799999999999976e+01
1.497200000000000131e+01
1.497200000000000131e+01
1.457300000000000040e+01
1.377599999999999980e+01
1.301700000000000124e+01
1.259999999999999964e+01
1.229599999999999937e+01
1.313099999999999845e+01
1.396599999999999930e+01
1.502799999999999869e+01
1.584400000000000119e+01
1.576900000000000013e+01
1.523700000000000010e+01
1.480099999999999838e+01
1.413700000000000045e+01
1.389000000000000057e+01
1.341599999999999859e+01
1.387099999999999866e+01
1.447799999999999976e+01
1.472499999999999964e+01
1.476299999999999990e+01
1.580599999999999916e+01
1.656500000000000128e+01
1.709700000000000131e+01
1.730599999999999739e+01
1.721099999999999852e+01
1.671699999999999875e+01
1.578700000000000081e+01
1.480099999999999838e+01
1.423099999999999987e+01
1.396599999999999930e+01
1.400400000000000134e+01
1.531299999999999883e+01
1.635699999999999932e+01
1.774200000000000088e+01
1.760900000000000176e+01
1.724900000000000233e+01
1.707799999999999940e+01
1.650900000000000034e+01
1.546499999999999986e+01
1.470599999999999952e+01
1.421299999999999919e+01
1.366200000000000081e+01
1.392799999999999905e+01
1.451599999999999824e+01
1.517999999999999972e+01
1.535099999999999909e+01
1.557900000000000063e+01
1.544599999999999973e+01
1.519900000000000162e+01
1.472499999999999964e+01
1.438299999999999912e+01
1.423099999999999987e+01
1.377599999999999980e+01
1.315000000000000036e+01
1.271299999999999919e+01
1.328299999999999947e+01
1.447799999999999976e+01
1.485799999999999876e+01
1.478200000000000003e+01
1.430700000000000038e+01
1.402299999999999969e+01
1.352900000000000169e+01
1.292200000000000060e+01
1.241000000000000014e+01
1.193599999999999994e+01
1.178400000000000070e+01
1.199200000000000088e+01
1.261900000000000155e+01
1.366200000000000081e+01
1.423099999999999987e+01
1.409900000000000020e+01
1.383300000000000018e+01
1.341599999999999859e+01
1.292200000000000060e+01
1.197400000000000020e+01
1.146099999999999852e+01
1.142300000000000004e+01
1.185999999999999943e+01
1.216300000000000026e+01
1.322599999999999909e+01
1.396599999999999930e+01
1.453500000000000014e+01
1.451599999999999824e+01
1.423099999999999987e+01
1.396599999999999930e+01
1.373799999999999955e+01
1.322599999999999909e+01
1.299799999999999933e+01
1.313099999999999845e+01
1.369999999999999929e+01
1.381400000000000006e+01
1.438299999999999912e+01
1.504700000000000060e+01
1.569299999999999962e+01
1.584400000000000119e+01
1.571199999999999974e+01
1.531299999999999883e+01
1.476299999999999990e+01
1.354800000000000004e+01
1.358599999999999852e+01
1.451599999999999824e+01
1.438299999999999912e+01
1.449699999999999989e+01
1.474400000000000155e+01
1.580599999999999916e+01
1.652700000000000102e+01
1.654599999999999937e+01
1.671699999999999875e+01
1.643299999999999983e+01
1.576900000000000013e+01
1.527500000000000036e+01
1.512299999999999933e+01
1.554099999999999859e+01
1.582499999999999929e+01
1.637599999999999767e+01
1.635699999999999932e+01
1.690700000000000003e+01
1.702100000000000080e+01
1.741900000000000048e+01
1.753300000000000125e+01
1.726800000000000068e+01
1.660299999999999798e+01
1.582499999999999929e+01
1.544599999999999973e+01
1.563599999999999923e+01
1.569299999999999962e+01
1.675499999999999901e+01
1.650900000000000034e+01
1.772299999999999898e+01
1.869099999999999895e+01
1.912699999999999889e+01
1.956400000000000006e+01
1.920299999999999940e+01
1.821599999999999753e+01
1.721099999999999852e+01
1.666000000000000014e+01
1.683099999999999952e+01
1.576900000000000013e+01
1.573099999999999987e+01
1.599599999999999866e+01
1.702100000000000080e+01
1.755199999999999960e+01
1.783699999999999974e+01
1.785599999999999810e+01
1.757099999999999795e+01
1.707799999999999940e+01
1.666000000000000014e+01
1.643299999999999983e+01
1.658399999999999963e+01
