1.476299999999999990e+01
1.464900000000000091e+01
1.508500000000000085e+01
1.637599999999999767e+01
1.692599999999999838e+01
1.677400000000000091e+01
1.648999999999999844e+01
1.576900000000000013e+01
1.517999999999999972e+01
1.438299999999999912e+01
1.447799999999999976e+01
1.436400000000000077e+01
1.392799999999999905e+01
1.328299999999999947e+01
1.369999999999999929e+01
1.546499999999999986e+01
1.624299999999999855e+01
1.648999999999999844e+01
1.624299999999999855e+01
1.578700000000000081e+01
1.544599999999999973e+01
1.464900000000000091e+01
1.377599999999999980e+01
1.318799999999999883e+01
1.328299999999999947e+01
1.265700000000000003e+01
1.297900000000000098e+01
1.390900000000000070e+01
1.453500000000000014e+01
1.487700000000000067e+01
1.485799999999999876e+01
1.428800000000000026e+01
1.394700000000000095e+01
1.341599999999999859e+01
1.290299999999999869e+01
1.345400000000000063e+01
1.349099999999999966e+01
1.356700000000000017e+01
1.392393825830754750e+01
1.401180811283686545e+01
1.487611308487578299e+01
1.540297861010441771e+01
1.519447446973750360e+01
1.539794472958410054e+01
1.437253765937400907e+01
1.407285550797370277e+01
1.394861235610617811e+01
1.265732887162613984e+01
1.247196614479417143e+01
1.197876601275977748e+01
1.243518802979194504e+01
1.384634127044131979e+01
1.399731597730322363e+01
1.380069309988302173e+01
1.316594723056851812e+01
1.291902366059623297e+01
1.284819003139026172e+01
1.216021442869577740e+01
1.143933415343679094e+01
1.155372188665613820e+01
1.173568090559134980e+01
1.105746586027715139e+01
1.127238629159128180e+01
1.180470943615459056e+01
1.322614653283377351e+01
1.364297739986944258e+01
1.337483495079897367e+01
1.303203537495367570e+01
1.317131266586761384e+01
1.342260582487035769e+01
1.400924176854618786e+01
1.349140331836762030e+01
1.360166549969719618e+01
1.288557800949546106e+01
1.304209959142870190e+01
1.381062465355294933e+01
1.471333470583451586e+01
1.504351405394385210e+01
1.524707587545397658e+01
1.484733705046966179e+01
1.453713660481597003e+01
1.360284022219306976e+01
1.292830813075450536e+01
1.279293893240822655e+01
1.401169498509163702e+01
1.406850291974506817e+01
1.461624389058560780e+01
1.409660855358941234e+01
1.464183184069613475e+01
1.523324725622386211e+01
1.556585052662941315e+01
1.599746689782294595e+01
1.536641119681994283e+01
1.437554839120848271e+01
1.429200355181873583e+01
1.415747640427081855e+01
1.449629641793129764e+01
1.437663210469509067e+01
1.527392377113084976e+01
1.661795450377090688e+01
1.843358760898719595e+01
1.935115071777675766e+01
1.888548294012597495e+01
1.844486143487991114e+01
1.771056080320932580e+01
1.694244297751160389e+01
1.605449511637898041e+01
1.587849958949044904e+01
1.620749199469674551e+01
1.768726424648508555e+01
1.776572160817518053e+01
1.869305716762847069e+01
1.913907894241265240e+01
1.861959510803543338e+01
1.799315901007760488e+01
1.706665956535658779e+01
1.608965767573516814e+01
1.532830989811983713e+01
1.496594893400874504e+01
1.475797813990378415e+01
1.457980176046644516e+01
1.416263386791668211e+01
1.373518854520668242e+01
1.336500014235967804e+01
1.395599064279713453e+01
1.440360599432466771e+01
1.450013346405258829e+01
1.424309105305883705e+01
1.352181615885777433e+01
1.318542997076017009e+01
1.281896328969482646e+01
1.250905508390992082e+01
1.276381120077071785e+01
1.376946890946102897e+01
1.448340605314297314e+01
1.467136627580521591e+01
1.457905819999894703e+01
1.487927505661117777e+01
1.456383903038314642e+01
1.400890909703103837e+01
1.328111415462789324e+01
1.279592126317602130e+01
1.170061808155224981e+01
1.213496784877911239e+01
1.218688791217616973e+01
1.244644495640191550e+01
1.256335624574808563e+01
1.329378017644000032e+01
1.463023864150810560e+01
1.486985000147791425e+01
1.445357429713332209e+01
1.372475197571227490e+01
1.310465983895604580e+01
1.226609062336874167e+01
1.150106023597962057e+01
1.116027261489437805e+01
1.130351144352212955e+01
1.103634109498729288e+01
1.072834401575237884e+01
1.114498902352248955e+01
1.214125164975484772e+01
1.220017939602824519e+01
1.193592542216701702e+01
1.165603319437681940e+01
1.115544616731342842e+01
1.102251771220663379e+01
1.050995009663079038e+01
1.011033720151077020e+01
1.043693559271133786e+01
1.066424955259375373e+01
1.064794051116470364e+01
1.154166283807109217e+01
1.226300177947310388e+01
1.264723943228287872e+01
1.275159461005256034e+01
1.277806371316777856e+01
1.184393609239348599e+01
1.170790480153759106e+01
1.103684437087276038e+01
1.120314966392030698e+01
1.155505313217492080e+01
1.057579700384732035e+01
1.085708785130451837e+01
1.272880673571213173e+01
1.389473748427628053e+01
1.385827678048185874e+01
1.343716989337767842e+01
1.316401666295124784e+01
1.244264775866380290e+01
1.198911733661655532e+01
1.184917060978018810e+01
1.153878348778296470e+01
1.133126815833632328e+01
1.294248090493396930e+01
1.441472603530170815e+01
1.430346215870062565e+01
1.463586431541196475e+01
1.570675828040160660e+01
1.568564991183780322e+01
1.560893010751450483e+01
1.490380721279346687e+01
1.377756042272632264e+01
1.266796590206631379e+01
1.245596129411300801e+01
1.247674213631870899e+01
1.242728152684267151e+01
1.359428592396340640e+01
1.255719462644773365e+01
1.605126576628927992e+01
1.556323790096461224e+01
1.507867244918075400e+01
1.526542966773610388e+01
1.450891121212142210e+01
1.402359692393394397e+01
1.332941331730736145e+01
1.284594317112090955e+01
1.285583701565198744e+01
1.282811171261869276e+01
1.385299156793594122e+01
1.472897801953982722e+01
1.541464878895688351e+01
1.579893917766860056e+01
1.550973561762040021e+01
1.521235138946216026e+01
1.451608098395740676e+01
1.395837995732310688e+01
1.331664398060684107e+01
1.288434615964735031e+01
1.327502262517663567e+01
1.262176507332134889e+01
1.257241092649496927e+01
1.333955296715174477e+01
1.467428192342655180e+01
1.502054286698447072e+01
1.543382077126101670e+01
1.504462962444524976e+01
1.413419512483010188e+01
1.407976243473465594e+01
1.356469167019757371e+01
1.262070346721144176e+01
1.388278083536521201e+01
1.424774056580750603e+01
1.357076975981971145e+01
1.407370371934440811e+01
1.400576733337456758e+01
1.425025926078144245e+01
1.432084506425258041e+01
1.383985062490706142e+01
1.324409593226610582e+01
1.249158084165230420e+01
1.195432925369184574e+01
1.197892536586543244e+01
1.215086183670551101e+01
1.174976258221998471e+01
1.285347523891010546e+01
1.342545986214672382e+01
1.514762776673290290e+01
1.524401633478998619e+01
1.573064368778368305e+01
1.556425722668612899e+01
1.493347457333658745e+01
1.457581007107895843e+01
1.415124100840495203e+01
1.402874210593142301e+01
1.406978844331948331e+01
1.511770886424788429e+01
1.493383280504987454e+01
1.555716697385637204e+01
1.657595920674802059e+01
1.798617328673706695e+01
1.882182283348348761e+01
1.807100434822109847e+01
1.754553622075848551e+01
1.659290589515526193e+01
1.584192717605638379e+01
1.598239910793804341e+01
1.530397095256481421e+01
1.438334076716496135e+01
1.466262623352440286e+01
1.540230649337735258e+01
1.725850376961514598e+01
1.780134003631977180e+01
1.770892423825939588e+01
1.695375684558054630e+01
1.596135341181922840e+01
1.541662212191492820e+01
1.484718686426076673e+01
1.457016366737076751e+01
1.444836242200242893e+01
1.430411867569386963e+01
1.438224264692434140e+01
1.624784423893413532e+01
1.725703829799047639e+01
1.758373202896294174e+01
1.804733735341304168e+01
1.790434621969994566e+01
1.709894710407611740e+01
1.638877764362787204e+01
1.663724871264026106e+01
1.620372035206113992e+01
1.584974448810592662e+01
1.605983478884443016e+01
1.568926932039063971e+01
1.670881501666365665e+01
1.717611578949453488e+01
1.714323830901161827e+01
1.788724818801969718e+01
1.720884101029846747e+01
1.641115308671638928e+01
1.553648677893450980e+01
1.473943370088971250e+01
1.449518843858045614e+01
1.398545469600152558e+01
1.418513443851287192e+01
1.455238325374362596e+01
1.479039928056198860e+01
1.750837828129667173e+01
1.879056826244775635e+01
1.923708798225745298e+01
1.817776956675323419e+01
1.751213527583533747e+01
1.739118246252881406e+01
1.586502407945266491e+01
1.557102299985495009e+01
1.544983276911762005e+01
1.546627491272506205e+01
1.598581125382918700e+01
1.727640800457563586e+01
1.873792212813549085e+01
1.895035315918484287e+01
1.855119587702047568e+01
1.785840910145042670e+01
1.688060577082053371e+01
1.606159593322617241e+01
1.477140008838985530e+01
1.472591790559112646e+01
1.457110729976953323e+01
1.493633789441615534e+01
1.632745148349094322e+01
1.645556504777674789e+01
1.652063634191246422e+01
1.677131246919557483e+01
1.632495570394998197e+01
1.563765297615512218e+01
1.465039055855076455e+01
1.390359712159894556e+01
1.365683193174274734e+01
1.292611675321205311e+01
1.338501812127115720e+01
1.512140828088730515e+01
1.634263910123921093e+01
1.650488334225346421e+01
1.797395788758788626e+01
1.762778133502143518e+01
1.663311071940833941e+01
1.612323287513394376e+01
1.537217783563091089e+01
1.529658900188926829e+01
1.463555545640378597e+01
1.502427272424636051e+01
1.629070829845357338e+01
1.587522978680343044e+01
1.655909602116072676e+01
1.813791315510148294e+01
1.861800597453213868e+01
1.845205480052062441e+01
1.795859204457472558e+01
1.784279482313367637e+01
1.699228274786661075e+01
1.612506552983356301e+01
1.617861716269716155e+01
1.607599715666147588e+01
1.654091987159038979e+01
1.800199123636900111e+01
1.935520766424746597e+01
1.949505732391010682e+01
1.987104767829631413e+01
1.983488561054774379e+01
1.960314484095964360e+01
1.863012530896713770e+01
1.794234884845754863e+01
1.788640434681385116e+01
1.647199351020159597e+01
1.616857574131221753e+01
1.732889261395204272e+01
1.734971984917032728e+01
1.721391344581269678e+01
1.787848915330465616e+01
1.793913063791189444e+01
1.815078690169175246e+01
1.831781145259647658e+01
1.789973088874361906e+01
1.758452968603372568e+01
1.641097971724759574e+01
1.607617464642783389e+01
1.602799909940307543e+01
1.529175412535007084e+01
1.560776206425503432e+01
1.571991369268925709e+01
1.687252608754068106e+01
1.832330990662416426e+01
1.823921857655931689e+01
1.782772681877286658e+01
1.718172500723962415e+01
1.672301804085316235e+01
1.615696294443516479e+01
1.655130393834136271e+01
1.695297658183720202e+01
1.711236024303597247e+01
1.781835943666531819e+01
1.745163572233169447e+01
1.874809804096627630e+01
1.898862343093982474e+01
1.853721132982202846e+01
1.822056201247870177e+01
1.735123938836422397e+01
1.724422909488792044e+01
1.627668153441652521e+01
1.574723387215852632e+01
1.552591432094394008e+01
1.534619948237591558e+01
1.514959034983118613e+01
1.406218897375692833e+01
1.550143933055214340e+01
1.650545493835562993e+01
1.763951818798678062e+01
1.777139048867379501e+01
1.710610399541769056e+01
1.695896170839780126e+01
1.619356812641600740e+01
1.517815490515666355e+01
1.456145480989531471e+01
1.443421421582296205e+01
1.450293304778258197e+01
1.497919732958131434e+01
1.584275245248743857e+01
1.674154934709714837e+01
1.708802675771118373e+01
1.703941092571819738e+01
1.701304558009358203e+01
1.585931023187783317e+01
1.526943843463329920e+01
1.439712344479952222e+01
1.376106256862342647e+01
1.435411017111445453e+01
1.450492688328969493e+01
1.401671298459822168e+01
1.436743464652423796e+01
1.445591097552648563e+01
1.463742129069781228e+01
1.458994774544463624e+01
1.472790898788429104e+01
1.458128325933397917e+01
1.385102432809822837e+01
1.318357050760241300e+01
1.289560566063415514e+01
1.226609390985371206e+01
1.221334068485642277e+01
1.373649446970178900e+01
1.471442624789383480e+01
1.561801519551296202e+01
1.608085047000130885e+01
1.572514139746823858e+01
1.492175277106935027e+01
1.416431587578250983e+01
1.336040675123141597e+01
1.329441620960897907e+01
1.289858729961041561e+01
1.384138071972295947e+01
1.474439805653802082e+01
1.509521640458005010e+01
1.548837505227571754e+01
1.619108127467535496e+01
1.673907146367933763e+01
1.689995467397520557e+01
1.656327741120711039e+01
1.649138197710144738e+01
1.579314823090454212e+01
1.493931362347360370e+01
1.469781492204187678e+01
1.419225609873001659e+01
1.381449354828959031e+01
1.440589677082193099e+01
1.606442656275342884e+01
1.684391163380632861e+01
1.803453261952989806e+01
1.763408066316711853e+01
1.690667036515251098e+01
1.659988336309634605e+01
1.561189003075286408e+01
1.480454464929117897e+01
1.410990524894835119e+01
1.401307078031912035e+01
1.413839270695001460e+01
1.463472822469132417e+01
1.558745366299137913e+01
1.599265427224471736e+01
1.560921244937316033e+01
1.565289830294042517e+01
1.520392888534307119e+01
1.471579477221151144e+01
1.414170222477088856e+01
1.389117921956120938e+01
1.417328963979452894e+01
1.383874802761584633e+01
1.327836136370927633e+01
1.311563172887262141e+01
1.401204989196555140e+01
1.520554685815675811e+01
1.522676339921443756e+01
1.474966396504250810e+01
1.398185625631879780e+01
1.362494806789297819e+01
1.306081559052742058e+01
1.232217439353245858e+01
1.210878835971477052e+01
1.167563357438231009e+01
1.200397093816798311e+01
1.264683409814375636e+01
1.330972702419246545e+01
1.437553031721002306e+01
1.427316817461561271e+01
1.387484017840985473e+01
1.349040037119380209e+01
1.273607358357103436e+01
1.218001065749420064e+01
1.134323428655822852e+01
1.104482264956705251e+01
1.135914659132778226e+01
1.217039373393696522e+01
1.279655294748874894e+01
1.386177735800415434e+01
1.435323443901710760e+01
1.463662736951585686e+01
1.431218528535283951e+01
1.374632851271894651e+01
1.326559235498007361e+01
1.303060826916538062e+01
1.272857390199352068e+01
1.273356981870960247e+01
1.300331089744565993e+01
1.389164840814884094e+01
1.434144214570439502e+01
1.499705415467977687e+01
1.537092922113570026e+01
1.560239788486425283e+01
1.550144072656428840e+01
1.513432537791190313e+01
1.460764680222181866e+01
1.407566116954568614e+01
1.292498631432364498e+01
1.347464974371040469e+01
1.473367696099577806e+01
1.449621280241552590e+01
1.487607395206753580e+01
1.526156452283284182e+01
1.621919305333453210e+01
1.657387298418897359e+01
1.608172718350970243e+01
1.634880292835915583e+01
1.566234096462090619e+01
1.499091749021084397e+01
1.494824853313938284e+01
1.503160725985264712e+01
1.571979043093290684e+01
1.604151981482631584e+01
1.702362759822841554e+01
1.684426130526806276e+01
1.706805066432827900e+01
1.714399557708635413e+01
1.726230846471838731e+01
1.725819105311132162e+01
1.672711680397802070e+01
1.608628304126362707e+01
1.549816059329441131e+01
1.545476887495433616e+01
1.598611369971279395e+01
1.595893800154353137e+01
1.733791159316398378e+01
1.685402035060334924e+01
1.815380762160928541e+01
1.898660967724358883e+01
1.880535482431581329e+01
1.938198809978413806e+01
1.841883648692427045e+01
1.728835335056729150e+01
1.685611213280234111e+01
1.648047582179241033e+01
1.711739591685518391e+01
1.568234453149902663e+01
1.612188779475119205e+01
1.693248694158436862e+01
1.767118673317781585e+01
1.803242054164106634e+01
1.777931755143907822e+01
1.769798658458035590e+01
1.697214943172674140e+01
1.634260598328238956e+01
1.640737906559236592e+01
1.602650404211334489e+01
