5.000000000000000000e+00
1.099999999999999467e+01
1.600000000000000355e+01
2.300000000000000355e+01
3.600000000000000711e+01
5.799999999999999289e+01
2.899999999999999645e+01
2.000000000000000000e+01
1.000000000000000000e+01
8.000000000000001776e+00
3.000000000000002220e+00
0.000000000000000000e+00
0.000000000000000000e+00
1.999999999999998002e+00
1.099999999999999467e+01
2.700000000000000000e+01
4.700000000000000000e+01
6.299999999999999289e+01
6.000000000000000000e+01
3.900000000000000000e+01
2.799999999999999289e+01
2.600000000000000711e+01
2.200000000000000000e+01
1.099999999999999467e+01
2.099999999999999645e+01
4.000000000000000000e+01
7.800000000000000000e+01
1.220000000000000000e+02
1.030000000000000142e+02
7.300000000000000000e+01
4.700000000000000000e+01
3.500000000000000000e+01
1.099999999999999467e+01
5.000000000000000000e+00
1.520264074654167175e+01
3.610982925484936601e+01
5.544081785268532769e+01
8.877668975910587790e+01
8.447479009970660968e+01
1.090504845850664850e+02
8.495397355392428551e+01
5.086570693344221894e+01
2.536518046706564178e+01
1.397088972445209798e+01
1.921766579658482499e+01
1.175662624454482241e+01
2.517838636247266848e+01
3.985968243572656888e+01
5.423478971674832394e+01
6.894032825551913390e+01
8.170804544057237706e+01
7.359113347237577329e+01
2.880670841882828270e+01
4.126947291505548776e+01
2.147821962417494390e+01
3.953920795626065576e+00
1.411909544573748754e+01
1.725252944117934462e+01
4.578270674946498531e+01
5.716639527149381905e+01
5.524806765647469575e+01
6.423631882347096678e+01
8.463795584112314430e+01
4.284348716221129649e+01
3.271977118040025800e+01
3.067192555034426604e+01
1.415705908818169156e+01
1.222106368887044425e+01
5.053119754591224222e+01
7.873829969098801485e+01
1.099232388269448961e+02
8.873797803366538517e+01
6.572106778621025569e+01
5.591606118235289102e+01
2.046312859716186594e+01
2.808911793043849059e+01
7.910591315652517608e+00
3.378797545600647112e+01
1.168290858584737606e+02
1.560386022503208778e+02
9.631307305732401858e+01
6.238117184797749815e+01
5.743581268383027805e+01
2.489093699828070072e+01
1.877256780407668657e+01
1.729027643985890705e+01
4.274775126690405358e+01
1.102944257147324976e+02
1.399233047425408358e+02
1.135564426280308510e+02
9.917242905898478966e+01
7.003834059056492833e+01
5.061172497534179371e+01
5.413114324861680160e+01
4.364182361820800793e+01
4.632453071124648147e+01
3.045479669547290058e+01
3.078771057514101273e+01
2.080481928578395667e+01
1.822504115774527378e+01
2.247273312589000227e+01
3.033765861118694573e+01
4.943602613535752965e+01
5.112106894824261616e+01
3.838852171887690190e+01
4.251965309732796783e+01
3.145409626329863073e+01
1.521369248648387718e+01
7.610103208854559487e-01
6.802274161025802179e+00
4.514723439827400320e+00
6.457596906228923572e+00
1.124372412831123746e+01
1.472345144846494591e+01
2.154728364627175452e+01
1.878929268285855869e+01
4.101915365912967815e+01
4.381477066741479831e+01
3.145632547628302689e+01
2.267940054640506276e+01
2.152250679371171671e+01
1.557611849403475546e+01
1.079991448867726334e+01
1.386530177638124428e+01
1.573184782325590447e+01
2.633269561789832380e+01
3.355472466868432235e+01
5.194329782564860665e+01
5.824454269412595409e+01
6.723470183388492671e+01
6.295453220636765934e+01
6.428574921141549225e+01
3.482068453265107166e+01
1.990283303342019394e+01
9.479778895866106225e+00
2.518716088084581983e+01
7.696349855613321722e+01
1.334368582503977052e+02
1.275010979057725393e+02
7.857653143935813489e+01
7.171188635815913415e+01
4.984486930546530203e+01
2.249170703041582087e+01
2.475110005112733091e+01
2.041570897642139215e+01
3.532210868483412725e+01
6.505405161568651806e+01
7.499498150749751346e+01
1.074573833179264284e+02
1.207572235321114817e+02
7.260446596962118804e+01
4.942296411653911292e+01
5.751432938269672945e+01
4.259101601911032020e+01
3.137530634341785429e+01
2.127612556678855427e+01
1.506471845530181852e+01
2.004318828386625029e+01
4.061118313656682943e+01
6.906514323706947778e+01
1.020303317601409958e+02
8.735639259421610348e+01
6.136622959991946402e+01
4.615353276327559229e+01
3.072052499338326825e+01
3.914902351085354582e+01
2.182530364809073831e+01
1.557679485206139702e+01
1.658457621325386455e+01
5.589828600698084671e+01
8.578998367919436419e+01
1.422864375765553859e+02
8.509334726557773365e+01
8.282992084679264622e+01
4.829573400445705289e+01
2.814171854321373090e+01
8.276874542237782961e+00
1.583992782271849720e+01
2.591747054241391979e+01
1.926194180540608869e+01
2.523832321001363610e+01
5.493694531017836624e+01
6.512387526814640637e+01
5.966470030401292490e+01
6.045766322739672916e+01
5.650185948739147079e+01
4.044012410354703491e+01
1.007427945564925764e+01
6.749168402992504312e+00
7.252742663412218072e+00
1.133939027414218437e+01
1.538434046603341976e+01
5.096494428624973239e+01
8.354628333918940086e+01
7.963178757658788243e+01
6.392993830773209396e+01
4.968146746501015798e+01
2.679892222091752174e+01
1.642289114385371107e+01
2.483514656074424209e+01
1.045578233195471718e+01
1.765454584048243092e+01
1.438363098142430729e+01
2.049291537910318795e+01
4.293965813810292076e+01
5.375176773274667852e+01
6.949257698599978994e+01
4.921398576641264810e+01
5.844151049941762466e+01
3.818464433540504643e+01
3.379056984286431486e+01
8.211032419353561096e+00
3.920552780294235262e+00
1.205338306988650565e+01
1.242408157754753262e+01
2.384486080236864680e+01
6.681824975273659106e+01
6.145350999618157317e+01
1.085806485753535782e+02
6.181092158451563989e+01
4.500417082638735167e+01
2.513772129884567619e+01
1.638037039977761822e+01
1.164005489410484628e+01
1.109719645886230666e+01
3.169017948404155050e+01
6.445650338986233407e+01
7.412342625595925938e+01
7.026147841416120343e+01
7.556585758585548263e+01
5.450922299801303694e+01
2.312975908794952318e+01
1.744072086546953315e+01
1.268882073141022637e+01
1.113866260641412786e+01
2.025428606603208692e+01
5.218708934558412693e+01
9.271010724146540838e+01
1.129586849142010294e+02
8.985812354314546724e+01
6.722920473217376980e+01
5.032276435038589568e+01
3.232096750165370480e+01
2.173636715187419455e+01
1.662731868661400725e+01
1.906620747834144680e+01
5.280987907555019234e+01
1.115905059701592705e+02
1.528375533092222440e+02
1.093009439235151206e+02
1.131379574151967518e+02
5.712785466331630602e+01
5.283111878866671418e+01
1.964500780831401627e+01
1.494419866622169124e+01
2.126499001595354699e+01
6.609915336830502497e+01
1.663320006638708435e+02
1.828094223751631660e+02
1.486036580598274099e+02
1.276638971067863366e+02
8.301315442960378732e+01
3.163833857177595377e+01
3.830590553276984878e+01
4.190007004969844928e+01
3.066492722087418343e+01
4.737913008742853549e+01
8.246998319721610926e+01
1.201272142248013921e+02
1.119082744533957623e+02
1.003859955373392268e+02
9.951690383533404827e+01
5.106025805257582562e+01
6.455360413606912573e+01
2.788860531875797832e+01
3.543759304678602007e+01
2.298489322486912556e+01
2.480761256395154035e+01
4.744265760173084345e+01
1.158160807073028735e+02
1.593004785536671193e+02
1.315600322986378217e+02
1.147296692390041812e+02
9.395952951540601816e+01
4.000762768266300640e+01
3.604198560790339201e+01
1.906230620618816829e+01
2.997276963234144986e+01
